0.580460
0.661752
0.948638
2.696362
2.783519
3.248413
4.268463
4.423123
4.891202
5.247385
5.737489
6.328471
6.345773
6.730219
7.142607
7.480980
7.559207
7.609203
7.880644
8.260622
109.992947
8.803400
8.848151
9.126826
9.614315
9.632762
9.751999
10.325628
11.085356
11.379649
11.758670
12.097683
12.326608
12.626060
13.231460
13.423814
14.888797
15.369310
15.809677
16.195442
16.555814
16.636245
16.839163
17.295558
17.654897
17.666191
18.028409
18.149744
19.033217
19.102977
19.519386
20.488786
20.514837
21.073259
21.802564
21.969622
22.277870
22.479564
706.532995
23.024875
23.724574
24.265709
24.779384
25.273317
25.450673
25.832523
26.662223
26.978941
27.121792
27.483891
27.800352
544.959139
28.584105
28.653269
28.992501
29.343587
1337.937218
31.250009
31.796469
32.121235
32.572758
34.279472
34.571905
34.972810
35.040481
35.465396
36.796477
37.036526
37.258790
37.878493
38.760173
39.249062
39.513132
39.612335
39.726352
39.805614
39.900582
40.093448
40.226820
40.882172
41.086521
41.306646
41.512767
42.038468
42.913158
43.834686
43.944029
44.946959
45.383901
45.501224
45.595680
45.695327
45.730971
46.353472
46.711872
47.642362
48.164740
48.409127
48.441786
48.564472
49.134286
49.181256
49.396036
49.471438
49.766956
49.855583
50.814625
50.837454
51.086070
51.291826
51.943301
52.219846
52.337417
52.500407
52.605845
53.145379
53.585903
53.931721
54.464109
55.165261
55.167991
56.410441
56.669467
59.114375
59.493532
60.143545
60.889484
61.543642
61.796541
61.939651
62.456076
62.741440
63.011926
63.476005
63.738179
64.050172
64.791853
66.283471
66.802990
66.902546
67.102064
67.437111
67.564308
67.725497
68.563832
68.680855
68.861576
68.897818
69.042444
69.133024
70.817224
70.847974
71.375968
71.470797
72.908991
72.929626
542.614325
73.639276
74.104751
75.724394
153.337870
75.835453
75.844064
75.849372
1384.843864
76.287400
77.183649
77.382805
78.380094
78.768765
79.775332
79.782857
80.203404
80.337489
80.524591
80.812029
81.334964
81.388956
81.413985
81.928408
82.395506
83.386566
83.939624
85.001993
86.482203
87.268808
88.635865
89.034824
89.217213
89.639150
89.774349
90.410377
90.735868
90.809120
91.379296
91.719247
92.122411
92.237045
92.345294
92.860754
93.146965
93.725722
93.791134
94.584523
95.701543
95.785447
96.029388
96.056824
96.105590
96.124373
96.180637
97.248269
97.635328
98.853390
99.326197
99.517590
99.941047
100.052317
100.173403
100.830672
101.817292
101.976560
101.991333
102.080476
1941.206322
103.731686
103.932229
104.390273
104.481003
104.586653
104.950602
105.320369
105.515837
105.635606
105.657530
106.423732
106.471348
106.521136
107.084854
107.118984
107.217513
107.828429
107.985203
108.083731
108.371054
109.185551
109.755708
109.872981
109.880003
8.322817
110.480470
110.696865
110.902639
111.549986
111.756182
112.646128
112.923290
113.067616
113.591074
113.856509
114.124720
114.535523
114.559334
114.761522
115.503422
1329.145526
115.742230
117.227114
117.526796
118.204285
118.617027
119.635205
119.755000
119.967895
120.527373
120.738253
120.892436
121.832931
121.884152
121.929829
122.710222
123.990072
124.244173
125.524334
125.651487
125.714494
125.897052
126.175781
126.292356
126.443938
126.515126
126.682343
127.464036
127.655314
127.671205
128.130517
128.607037
129.074573
1918.381667
130.350511
130.616588
130.812846
131.034965
131.080507
131.660808
132.234330
132.465270
132.592446
133.249701
133.477318
134.052119
134.778085
135.929502
135.983402
136.059980
138.282408
140.276686
140.399504
140.709468
141.250389
141.431751
141.666066
141.682227
141.737628
141.749148
142.394977
142.615456
142.891361
143.183860
143.274763
143.594001
144.665860
145.841151
145.942376
145.995197
146.481179
146.529711
148.400014
1385.853732
148.528231
148.829571
149.339302
151.137743
151.875265
151.909815
152.338595
152.418487
152.471558
152.563901
152.564935
153.253750
153.260727
75.771227
153.737506
154.067402
154.617690
154.724388
155.909747
156.225428
157.296560
157.426877
157.784997
157.984974
159.237416
160.046196
160.778050
160.863859
160.956352
163.070621
163.199578
163.966622
164.373528
165.277485
165.317277
166.261145
167.776277
167.905295
168.120925
168.771298
168.822695
170.217150
171.183111
171.208637
171.239013
171.708057
172.060514
172.612848
173.184708
173.199435
174.133443
174.622382
174.624282
174.625159
174.853146
174.990874
175.819200
175.871485
176.425171
176.612036
176.864208
177.178555
178.409263
178.541550
178.917981
179.146898
179.538230
180.152362
180.812765
181.289611
181.818991
182.308699
182.701992
183.102980
183.198010
184.143851
184.459604
184.943299
185.448340
185.760669
186.724391
186.751639
186.847089
186.905034
187.366949
187.894858
188.019503
188.077545
188.226669
188.543557
635.880128
188.844778
190.260014
190.516345
190.562257
190.985837
191.244272
191.275007
191.323674
191.810616
193.174778
193.444245
193.716197
194.722489
195.161781
195.296633
195.461277
196.158565
196.881938
198.324422
198.819634
199.230317
199.986824
200.297035
200.684595
200.726282
200.754376
201.327853
201.470785
201.482366
201.692087
201.692580
202.154950
202.982261
203.577749
203.797650
204.095122
204.498549
204.782723
204.827740
205.004637
205.055001
205.206483
207.034972
207.229479
207.330311
207.562001
207.959712
208.251977
208.442864
208.470473
208.718652
208.863975
209.273968
209.737770
1452.851894
209.920170
211.059217
211.729647
211.758076
213.426711
214.381409
215.018165
215.129548
215.425472
215.702950
216.057350
216.084361
216.104322
216.434096
216.591491
217.116740
1711.677287
217.881749
217.927190
217.944398
218.216574
218.758042
218.763190
218.804825
219.186419
219.734105
220.345070
220.484395
220.961657
221.800183
221.815830
221.872584
222.160517
222.448217
223.313230
224.033972
224.463082
225.338996
225.354013
226.065630
226.180527
226.266409
226.413759
226.988758
227.103193
227.608097
227.773851
228.738810
228.798311
229.210203
229.448908
229.454108
229.723377
229.881061
230.008686
230.207702
230.908555
231.184951
231.404978
231.746259
231.842871
231.932804
231.959482
232.149520
232.164922
233.420853
234.831076
234.930705
234.977762
235.108531
235.567283
235.613119
237.158611
237.319251
238.255324
238.382045
238.556706
238.894364
239.120364
239.581143
239.973445
240.893725
241.453558
242.316634
242.383842
242.862286
243.879011
244.276193
245.470616
245.784304
245.934822
246.261796
246.435448
247.438706
247.598668
247.687743
248.118699
248.137042
248.258687
249.365483
250.014427
250.077161
250.376809
250.664308
252.292793
252.413459
252.464632
1772.723520
253.601766
253.737244
254.573429
255.351439
255.520169
255.873233
256.283165
256.770087
257.074892
257.117691
257.510156
257.758248
257.987309
258.246533
259.105874
260.098103
260.266193
260.312231
260.911479
261.206125
261.283932
262.730767
262.867062
263.462284
263.598652
263.866498
263.897129
263.988346
265.395650
266.132873
266.641604
266.761841
267.212480
267.377882
267.401582
267.438047
267.485258
268.064654
269.747936
269.763772
271.517583
271.875578
374.760782
272.816166
273.361447
273.976109
273.990357
274.274014
274.376456
274.966450
275.242815
275.729813
275.998316
276.407418
276.623084
277.318461
277.527214
278.283813
278.531864
278.853845
279.482770
279.661227
279.753673
280.004232
280.042396
280.265605
281.411948
281.798817
282.067275
282.119451
282.270786
282.476281
282.650696
282.796028
286.415421
286.716032
287.054865
287.374797
287.377074
289.065871
289.488063
289.491718
289.631367
289.707781
289.752890
289.832020
290.380773
290.946024
291.584105
291.652955
291.731062
292.689679
293.406987
293.923117
294.153002
294.372409
294.493487
294.600749
294.606107
295.028505
295.036931
295.097455
295.120009
295.139497
295.902120
298.295257
298.698074
298.819544
299.301345
299.374794
300.039679
300.119006
300.607448
300.657832
300.972143
302.529202
302.567656
302.595110
303.242173
303.446870
304.695543
305.350391
305.734213
305.873434
306.148345
306.303190
306.394862
306.533123
306.763551
307.200447
307.265085
307.396471
308.172417
308.298764
308.311527
308.544751
309.523042
309.548199
309.645949
311.426837
311.483984
312.096407
313.257023
313.466843
314.032814
314.106794
314.403352
314.765900
315.037546
1981.150730
315.483757
315.963856
316.146057
316.195149
316.691620
316.849551
317.097971
317.588187
317.607494
317.958015
319.128244
319.525723
319.655019
319.786990
320.123925
320.446398
320.723863
320.953022
321.154871
321.193129
321.194325
321.763977
322.075074
339.191767
323.119871
323.285764
323.305578
323.508599
323.711336
324.176189
324.399734
324.530522
324.574382
324.580365
324.767697
325.072888
325.598270
326.030728
326.735859
328.106067
328.175514
329.195042
329.467016
330.049591
330.331516
330.811746
331.488323
331.668735
331.777646
332.295437
1587.032123
333.269413
333.471591
333.850272
333.952836
334.065613
334.167555
334.176222
479.227749
334.403519
334.627406
334.737832
334.753688
337.620524
337.818398
338.132869
338.532167
338.708733
338.945934
322.729155
339.812799
340.180382
342.202906
342.709277
342.843983
342.898385
343.450804
343.622359
343.724864
343.789593
343.836955
344.087104
344.397192
345.723073
345.997833
346.468869
346.861568
346.890389
347.089684
347.114362
347.262122
347.483202
347.677397
347.936517
348.305237
349.008424
349.120642
349.324614
350.165921
350.195472
350.279682
350.378632
350.572049
350.981041
351.413908
352.010079
352.341594
352.612863
352.638406
353.433070
1905.897585
354.062978
354.160789
354.677428
355.351932
355.523477
355.701842
355.764143
355.982662
1983.562194
356.039161
357.400203
1929.907302
357.691412
358.085059
358.459394
359.533575
360.608204
360.812047
361.045509
361.303301
362.813867
363.196212
364.179081
365.472704
365.734896
366.397297
366.830784
1494.762736
367.509578
367.546403
367.882431
368.140049
368.732342
368.823166
368.933002
369.006250
369.078331
369.752743
369.855259
370.570385
371.461883
372.532495
372.609112
485.687426
1289.413666
373.237330
373.898576
374.038573
374.379990
272.428829
375.079023
375.538503
376.209290
376.247754
376.368445
376.795982
377.125855
377.322173
377.943108
378.544450
378.888800
379.835830
381.210000
381.646381
382.071336
382.426995
382.617177
382.757104
383.366373
383.690994
384.250053
386.091590
386.394286
387.092392
388.181243
388.270153
388.391346
388.983874
389.096974
389.224292
389.550407
389.863857
390.217255
390.240916
390.351015
390.903395
390.955267
391.602433
391.621575
391.747267
392.048625
392.579352
393.399062
393.691762
394.002745
394.270288
394.925897
395.555978
395.857609
396.034038
396.126616
396.724484
397.023736
397.229639
397.309533
397.339166
397.835353
397.870155
398.022526
398.583935
398.911916
399.746180
399.911353
400.192547
400.306027
400.478395
400.492579
400.544681
400.742123
401.832543
402.006449
402.124149
402.442501
402.569519
402.666151
402.675119
402.826971
403.262188
403.818177
403.865923
404.460593
404.900624
405.267722
405.443920
405.826643
406.613416
407.273872
407.587611
408.030620
408.243192
408.458303
411.351212
412.121688
412.138973
413.108847
413.146030
414.346550
414.396975
414.494360
414.569345
416.117953
416.242069
416.413703
416.767412
416.775654
416.918455
417.449497
417.497434
418.355232
418.401135
418.678193
419.005566
419.576908
420.824481
420.962733
421.023040
421.118234
422.471435
422.479676
424.466291
426.299390
426.353150
1244.500829
426.447848
426.537993
426.565840
426.622335
426.831487
428.295174
428.691166
429.152785
429.266362
429.625534
429.936410
430.081045
430.331205
430.888953
430.973300
431.045538
431.612129
432.070507
432.254991
434.121363
434.297854
434.311699
434.497487
435.251055
435.533778
435.785779
436.522826
436.799667
436.926898
436.993045
437.319237
437.640864
437.938742
438.178122
438.198499
438.548437
438.561357
438.565434
438.701071
438.901272
438.969373
438.973268
440.257173
440.517589
440.710030
441.163178
441.432469
441.802321
442.788417
443.835800
443.861331
444.217866
444.601891
445.132749
445.615640
446.106059
446.378968
446.487309
446.630915
447.369322
447.487648
447.531165
447.705690
447.959186
447.988382
448.166864
448.216696
448.828555
448.948848
449.025521
449.477910
449.651586
449.669602
450.261494
450.901382
451.107120
451.674100
452.108304
452.822458
453.215392
453.544468
453.624277
454.191289
454.718342
454.914171
455.205533
455.282670
455.576583
455.732184
455.899356
456.005003
456.180715
456.515353
456.928952
457.119997
457.159528
457.167755
457.509238
458.014424
458.282122
458.517040
458.668985
458.716127
459.304697
460.534228
460.534934
461.218344
461.615820
462.861680
462.952356
463.049860
463.242730
464.408526
464.603811
464.844645
464.981669
464.987355
465.359226
465.386439
465.491000
465.648214
465.762433
465.785667
465.797602
466.566652
467.077462
467.087577
467.505227
468.147178
468.247372
469.733121
470.079168
470.522253
470.820266
471.085002
471.153494
472.006884
472.344842
473.471546
474.139789
475.221231
475.265279
475.346823
475.412771
1885.412898
476.071522
477.208122
477.443108
477.766526
477.942142
478.308560
479.154036
479.165335
334.349036
479.598520
481.091289
481.248287
481.390579
482.378808
482.560774
482.629783
482.697215
484.989421
485.186889
485.330621
485.681850
373.061208
486.137835
486.478244
486.971820
487.093251
487.176397
487.577772
488.365806
489.611190
490.471134
490.853067
492.975252
493.471913
493.553345
494.344766
494.575610
495.089479
495.345638
495.465807
495.658266
497.009912
497.872240
498.019165
498.183019
498.684635
499.046400
499.517210
499.874289
500.323275
551.771906
500.458324
500.845862
501.350172
501.794422
502.094830
502.136350
502.589785
502.681589
502.722092
503.184743
503.199986
503.980026
504.715211
505.070358
505.444549
505.499064
505.636030
505.743257
505.937649
506.462715
507.228960
507.422817
508.308326
508.340509
509.197475
509.482831
509.683258
509.811324
510.278306
510.622296
511.646820
511.776435
511.871189
512.478211
512.716656
512.784617
513.343676
513.650261
514.168066
514.379552
514.418518
514.537132
514.731121
514.956073
514.972720
516.076456
516.587024
516.884558
517.283025
517.479845
517.999307
518.469573
519.234907
519.263029
519.484711
519.717744
520.802420
521.738418
521.848229
522.304339
522.978837
523.092462
523.643438
524.945305
525.133021
525.448544
525.520139
525.877183
526.102282
526.633089
526.837777
527.218934
527.278587
527.538164
527.760492
527.885175
529.235829
529.643066
530.274122
530.704697
530.853139
531.085774
531.189861
531.834762
531.968067
532.330777
532.454916
532.825381
532.943621
534.270892
534.789051
535.175108
535.420124
535.428525
535.961148
536.182364
536.626930
537.170767
537.334915
537.584162
538.029459
538.121727
538.207171
538.483528
538.640579
538.803677
539.092120
540.205124
540.410425
540.766394
541.086231
542.253252
73.555341
542.629957
542.668931
544.198399
544.394474
544.581312
544.593668
544.925999
28.335832
545.447220
545.562762
545.572586
545.809039
545.822007
546.690915
547.425302
547.600655
548.345124
548.623599
549.145367
549.190046
549.238685
549.386684
549.431532
549.450682
549.728438
549.842946
549.910648
550.104687
550.276663
551.147515
551.173965
551.297069
551.324714
551.560573
500.392602
552.394257
554.132134
554.255184
554.302604
555.409621
555.815642
556.197020
556.757364
557.848498
557.903626
557.926876
558.850776
559.369107
559.558060
560.952659
561.166562
561.423358
561.488034
561.578465
561.848368
562.463138
562.525083
562.610567
562.813258
563.732257
563.816425
564.182957
566.510154
567.086526
567.898606
568.221913
568.466748
568.988413
568.989743
569.544045
569.651782
570.128895
570.763785
571.126178
571.312303
571.369855
571.440012
571.456307
571.796408
573.191624
573.231412
573.488542
573.838341
574.106999
574.321282
574.815552
575.046034
575.105132
575.510986
575.696332
576.059986
576.061587
576.427086
576.717705
576.904708
577.043298
577.283401
577.509415
577.969765
578.061767
578.180813
578.468317
578.789077
579.276342
580.324725
580.980650
581.690975
582.459801
582.480077
582.537530
582.823446
583.321177
584.012913
584.400120
585.853485
587.200492
587.207920
588.962583
589.716987
589.819223
590.630959
590.993082
591.246615
591.315667
591.431238
592.175079
592.225374
592.325148
592.563130
593.397011
593.980753
594.323293
594.437603
1306.263951
594.619697
594.643700
594.775257
595.381730
595.809957
596.042535
596.302327
597.509802
597.522504
598.344000
598.382034
598.395161
599.803801
601.707675
601.943957
602.515832
602.552437
603.277488
603.441614
1865.459309
604.680309
604.716038
605.017305
605.454640
605.867422
605.882102
605.971843
606.156294
606.419292
607.126599
607.261207
607.379151
608.664679
609.162101
609.213842
609.502081
609.635396
610.197986
610.241326
610.247083
611.047248
611.617878
611.973456
612.187644
612.829384
613.068797
613.920792
613.960937
614.270944
614.995570
615.275388
615.382898
615.529198
616.332478
616.850250
616.979984
617.301640
617.880075
617.916149
618.023595
619.475203
619.511466
619.564717
620.587981
620.602990
620.848629
621.013335
621.443736
621.464794
622.137267
622.528957
622.835524
624.502611
624.813371
625.211229
625.557795
625.752579
625.989403
626.052371
626.082712
626.501250
627.472771
628.031322
628.911390
629.200031
629.386253
629.480731
630.562200
632.394958
632.566688
633.171353
633.290202
633.620626
634.442740
634.633592
635.022334
188.808608
636.516958
636.650071
636.753068
637.176100
637.571167
637.764757
638.163446
638.664700
638.983421
639.079114
639.375651
639.772367
639.825674
919.037338
639.916844
640.127083
640.137098
640.289010
640.471623
640.840797
641.548654
642.151997
642.184857
642.207609
642.461511
642.583287
643.132619
643.909480
644.054105
644.158269
645.229236
645.242697
645.471400
645.631076
645.740239
646.049600
646.300134
646.616724
646.658945
646.886100
647.972132
647.996532
648.684736
648.729629
648.874213
649.616385
649.930356
650.051650
650.266345
650.288681
650.309216
650.676293
650.696532
651.311971
651.361867
652.475186
653.060564
653.236579
653.277009
653.320748
654.747775
655.751827
656.541433
656.572258
656.738749
657.197284
657.553690
657.848790
658.049824
659.479174
660.174621
660.278067
660.664778
662.256362
664.019736
664.648878
664.910033
665.125851
665.634008
665.963915
666.352826
667.075543
667.699660
667.870852
667.871894
668.544015
668.632024
669.574720
670.916425
671.342251
671.603134
672.067587
672.074456
672.288822
672.575356
672.773575
673.383254
673.886964
674.015117
674.260519
676.239298
676.407032
676.459252
676.466516
678.006374
678.637224
678.704415
679.082333
679.388104
679.487861
680.293379
680.330463
680.481708
680.495197
681.464288
682.199053
682.342645
682.460983
682.864780
683.230845
683.387065
683.916258
683.919450
684.584039
684.663741
1450.334424
685.361434
686.678475
687.401691
687.715716
1361.171308
688.195789
688.228781
688.546091
689.277468
690.576997
690.654800
691.201259
691.749390
692.438972
694.030508
694.183076
694.315668
694.354245
694.441722
694.658467
694.824255
695.168252
696.806489
696.874848
696.910551
697.317110
698.169466
698.304013
698.413600
698.726652
698.825624
699.376875
699.743369
700.264697
700.276271
700.445354
700.685845
700.706193
702.234639
702.413525
704.528040
704.615573
705.021592
705.122082
706.168952
706.320024
22.530826
706.603900
707.048836
707.384841
708.129208
708.188474
709.223173
709.224156
709.271876
709.294768
709.345110
709.711894
710.520585
711.041034
711.048463
711.457588
711.924161
712.612784
712.739414
712.834396
712.929464
714.364963
715.078706
715.126219
715.685041
716.303598
716.404070
716.609657
716.683829
716.988531
717.166206
717.192248
717.496531
717.970279
718.054962
718.216460
718.673212
718.779217
718.857085
1736.239543
720.663963
720.787868
721.050839
721.377094
721.881891
722.006017
722.336053
722.509675
1841.509254
724.511791
724.664623
724.667465
724.706611
724.833070
725.330339
725.447503
725.509279
725.634973
726.359959
727.458934
727.494585
729.046965
729.427048
729.489595
729.541782
729.948665
731.462874
731.781996
731.952025
732.201582
732.216640
733.186534
733.394428
733.654958
733.672471
733.673022
733.708018
733.721816
734.321431
734.603398
735.657131
735.998692
736.107822
736.198191
737.065563
737.144170
737.562899
738.770944
738.818970
738.930031
739.184225
739.195660
739.226345
739.630906
740.023380
740.758712
741.580190
741.696285
742.255704
743.234142
743.756775
743.915392
743.974003
744.466707
745.104482
745.572701
746.013079
746.212271
747.001562
747.079003
747.357982
747.683384
748.353496
748.489496
749.487777
749.651246
749.835867
750.065530
750.213423
750.294047
751.223620
751.229510
751.776223
752.297589
752.533151
752.537217
753.247704
753.295092
753.570269
753.703045
754.254990
754.331489
754.386333
754.637330
755.361740
755.881552
755.990433
756.457760
756.696203
756.873455
757.212654
757.578005
757.581246
758.068889
758.449029
758.511525
759.085876
759.318152
1730.397407
759.917592
760.097058
761.183680
761.198213
761.264981
761.302322
761.546143
761.807299
761.896033
762.093993
762.211393
762.525149
762.655809
763.098258
763.868742
764.812107
765.013272
765.070726
765.112955
765.189340
765.753644
765.791845
766.065906
766.176809
766.206873
766.809377
766.832672
768.391807
768.979546
769.290867
769.567208
770.612474
771.221480
771.375549
771.569266
772.571261
773.119178
773.889533
773.948667
773.968259
773.976214
774.136098
774.316781
774.813597
774.838550
776.531609
777.337112
777.969012
778.060267
778.165967
778.730020
779.515017
779.736654
779.996887
780.536407
781.038730
781.968880
782.085550
782.843587
783.146154
783.433286
783.465676
783.475377
783.623504
786.268551
786.771925
787.515308
787.728223
787.814710
787.885341
788.008942
788.647469
788.712030
788.796884
789.084833
789.455447
789.650713
789.710617
789.925717
790.258138
790.843135
790.920885
791.086066
791.758924
791.924457
792.362229
793.440628
794.406157
794.581143
794.899294
795.162438
795.769059
796.193844
993.623092
797.501343
797.501838
797.672113
798.336023
799.092144
799.364517
799.527348
800.779022
800.885273
800.933311
803.325527
803.601087
803.601884
804.258715
804.346906
804.628476
804.975017
805.308629
806.134657
806.420290
806.613890
807.030147
807.212628
808.230267
808.245935
809.375858
810.399453
810.484161
811.405395
811.975656
812.273055
813.046609
813.165449
813.283778
813.704730
814.131159
814.180475
814.793025
814.986817
815.487434
816.151162
817.302850
817.474651
817.501398
818.279353
818.446180
818.602295
818.777774
819.336585
819.896764
820.843998
821.261576
821.375000
821.590504
821.637572
821.659372
821.962064
822.251385
822.708859
825.256669
825.505656
825.693054
826.353737
826.595629
826.782315
827.028265
827.382582
827.501020
827.925531
828.909409
829.568581
829.610303
830.230628
830.712501
831.190472
831.367012
833.065469
833.584253
833.752774
834.428895
834.630151
834.679203
835.709113
835.969800
836.624198
837.281181
837.389890
837.872194
838.006102
838.186873
838.353662
838.489720
838.825116
838.962406
839.429070
840.035479
840.497682
841.583517
842.951269
843.231242
843.625138
843.937235
844.410537
844.529820
845.095719
846.477482
846.850398
847.282002
847.888003
848.305727
848.545393
848.573160
849.012459
849.058415
849.231962
850.602988
850.868923
850.955157
850.978174
852.043749
852.159059
852.540693
853.295025
853.304300
854.199219
854.283929
854.404378
854.650487
855.093204
855.587588
856.043358
856.219397
856.291328
856.862620
856.922300
857.205247
857.795833
858.100004
858.117693
858.535975
858.584925
858.586020
859.698111
859.976083
860.079660
860.218749
860.517040
860.692838
860.935694
861.053492
862.278990
862.629730
862.772472
863.722046
863.839408
864.047180
864.572875
865.708018
865.811848
866.018482
866.400133
867.283744
868.275850
868.511396
868.748144
868.803417
869.013652
869.828281
871.243933
872.049427
872.796176
873.714311
873.758226
873.959333
874.636527
875.450232
875.579470
875.707010
876.149551
876.295345
876.332621
876.370147
876.669279
876.865995
876.934653
878.733945
878.764386
879.392929
879.671275
880.045536
881.223372
881.591960
881.796329
882.120528
882.174792
882.683709
882.959456
883.240638
883.280291
883.355772
883.603430
884.671810
884.941809
885.493095
885.787448
886.646386
887.159448
887.184624
887.590439
887.745248
888.249047
888.320243
888.772967
889.476665
890.346257
890.476623
890.587377
890.605673
890.640061
890.660993
890.670204
891.056466
891.277459
891.297454
891.774207
892.456511
893.208311
894.230204
894.526715
894.595399
894.942627
894.988677
895.068997
895.110367
895.719399
897.609969
898.035692
898.266133
898.671058
898.801961
898.976683
899.028210
899.634374
900.032283
900.048947
900.085682
900.289327
900.756525
901.208808
901.551087
901.553992
901.609216
901.725762
901.870623
902.008275
902.277143
902.460033
902.571203
902.978365
903.041567
903.499339
904.241296
904.336895
904.450039
904.571117
904.636701
905.274119
905.754092
906.284027
906.603510
907.054742
907.670980
907.854092
908.157993
908.621292
908.736643
909.388129
910.380415
911.117176
911.407257
911.963290
912.305621
912.991057
913.613563
914.131240
914.851311
915.250259
915.258290
915.299850
915.925370
915.978430
916.206044
916.297180
917.526944
917.691848
917.728309
918.316739
918.551451
639.897280
919.311268
919.546381
919.724146
920.465832
920.510873
921.102547
921.124572
921.659647
921.828607
923.137258
923.435400
923.563551
923.694240
923.707035
924.688264
924.974741
925.963042
926.092102
926.369480
926.577391
927.077466
927.844240
928.040623
928.462865
928.539290
928.574316
929.121752
930.236550
930.820806
931.583454
932.557595
932.589124
932.633163
933.034769
933.409765
933.774866
934.458118
935.224275
935.328582
936.036985
936.197423
937.547170
938.867196
939.144325
939.464995
940.531647
940.569576
940.979008
941.207777
941.208125
941.784290
941.859771
942.054060
942.535692
942.881751
943.144992
943.170335
943.233721
943.513739
944.106504
945.000015
945.081912
945.089206
945.146659
945.961651
946.462863
946.961286
947.406314
947.607876
948.911119
949.122632
949.236792
949.597005
950.268599
950.559229
950.670117
950.994139
951.366130
951.515130
951.517549
951.602365
951.829707
951.949773
952.103077
952.513401
952.679200
952.897347
953.462028
954.528919
954.557767
954.631724
954.786768
955.175401
956.678170
957.364501
957.894647
958.505395
958.813104
959.223455
959.278058
959.817928
959.967245
960.189382
960.367758
960.468621
960.516694
960.797060
961.543908
961.715644
961.717929
961.809497
962.066974
962.339756
962.480423
962.577285
962.645340
962.836343
962.901265
963.219522
963.406197
963.459648
963.490714
963.957937
964.496818
964.833737
964.888946
965.113434
966.067646
966.093636
966.634437
966.873529
966.908308
967.132452
967.232624
967.981517
968.979784
969.219918
969.306727
969.340133
969.853806
970.968572
971.626095
972.044523
972.844608
976.521838
976.790132
977.234356
977.548491
978.626067
979.088879
979.162629
979.838479
980.012337
980.655128
981.706211
981.836234
981.837316
981.942186
982.678788
982.757324
983.524878
983.540730
983.577544
985.214919
985.330794
985.495925
985.628959
985.801855
986.074119
986.759320
987.054245
987.300542
987.405343
989.108260
989.142791
990.877123
991.451693
991.675622
992.090582
992.727440
993.540601
796.879902
993.909473
993.919922
994.241489
994.436797
995.266707
995.362037
995.427351
995.491922
996.476828
996.680904
996.802847
997.671971
997.915651
998.269203
998.556563
999.392908
999.459690
999.691710
999.993592
1000.054736
1000.205913
1000.626582
1001.666020
1002.400972
1002.756119
1003.191528
1003.518712
1003.534891
1004.079214
1004.386713
1005.338815
1005.412728
1005.526271
1005.944123
1006.150724
1006.720875
1006.795393
1006.938312
1007.452866
1007.522916
1007.602954
1007.742252
1009.122326
1009.125684
1010.955594
1011.377210
1011.719745
1013.310827
1013.676064
1013.796051
1013.902151
1014.190398
1014.890975
1015.463259
1015.617317
1015.667651
1015.670432
1015.878437
1016.792257
1017.089706
1017.315403
1017.446263
1017.448871
1017.989073
1018.693496
1019.721887
1019.776833
1020.530145
1020.683811
1020.711200
1021.160563
1021.713412
1021.869459
1021.951944
1022.497318
1022.775897
1022.845885
1023.054661
1023.436976
1023.875552
1023.994930
1024.345531
1025.163352
1025.308928
1025.445189
1025.449310
1025.771666
1025.908097
1025.937406
1026.197661
1028.284495
1029.532948
1029.576754
1030.318198
1030.420981
1031.328671
1032.249858
1032.381980
1032.838796
1033.002107
1033.368341
1034.132172
1034.164270
1034.249783
1034.739946
1034.834793
1035.031719
1036.517954
1036.575074
1036.874241
1037.062378
1037.595127
1037.653534
1037.774162
1037.915123
1039.096078
1040.181667
1040.327860
1040.549695
1040.811134
1041.049936
1041.219390
1041.427235
1043.024189
1043.127180
1045.210332
1045.251987
1046.733717
1046.855885
1046.929591
1047.051953
1047.323574
1047.477255
1047.596035
1047.989229
1048.962223
1050.254559
1051.087385
1051.256662
1051.362877
1051.501195
1051.744844
1051.787585
1052.428824
1052.707062
1052.832379
1052.881498
1053.093262
1053.524316
1054.106123
1054.546561
1054.590668
1055.485322
1055.656181
1055.726798
1055.980598
1056.271225
1056.761328
1057.149275
1057.213361
1059.078173
1059.188216
1060.098647
1060.195297
1060.671867
1060.837933
1061.552704
1061.670510
1061.849498
1062.439884
1062.494535
1062.867745
1063.815200
1063.820839
1064.607308
1064.687857
1065.288143
1065.423478
1066.562162
1066.657720
1066.757503
1067.338556
1067.591745
1067.885089
1068.158856
1068.383387
1069.414807
1069.566671
1069.666497
1070.225479
1070.569501
1071.781680
1072.213480
1072.240130
1072.616234
1073.796755
1074.238063
1074.419499
1075.732569
1077.213534
1077.984820
1078.174077
1078.293012
1078.835648
1078.945311
1081.426956
1081.570996
1081.691096
1082.590872
1082.733381
1083.528759
1083.722391
1083.909396
1083.921629
1084.268073
1084.540203
1085.134616
1085.159185
1085.233248
1085.626269
1086.253720
1086.418294
1087.630605
1088.107485
1088.535002
1089.004957
1089.820278
1090.008558
1090.750577
1090.984008
1091.117176
1091.688495
1091.906518
1092.305714
1092.406232
1092.804761
1092.895462
1092.997083
1093.425002
1093.943813
1094.335057
1094.788063
1095.064065
1095.243521
1095.755484
1096.055270
1096.536230
1096.654900
1096.909555
1097.347500
1097.461529
1097.467116
1097.744115
1176.146109
1098.582016
1099.717131
1100.182322
1100.298739
1100.695526
1100.805157
1100.915558
1101.452860
1102.114389
1102.988126
1103.732436
1103.980824
1104.113890
1104.380493
1104.690354
1104.928011
1104.929909
1105.363203
1105.451655
1105.871229
1105.878465
1105.977308
1106.153346
1106.885715
1107.359037
1107.404307
1107.875911
1107.968200
1107.980794
1108.246946
1108.577880
1109.222396
1110.636712
1110.998705
1111.187772
1112.344298
1112.413356
1112.660941
1113.101227
1114.047383
1114.217474
1114.282831
1114.458194
1114.568521
1114.828956
1114.902657
1115.604340
1115.892638
1116.972745
1117.512859
1117.636732
1117.745624
1117.792549
1117.968892
1118.603217
1118.992673
1119.570563
1120.499031
1120.698710
1120.768483
1120.884763
1121.110580
1121.186620
1121.213330
1122.365628
1122.402052
1122.699976
1122.957375
1123.053458
1123.975636
1124.422115
1124.826618
1125.085738
1125.151053
1125.623473
1272.616656
1125.970208
1126.301504
1126.339675
1126.706820
1126.877045
1126.947259
1127.500374
1127.868495
1128.017519
1128.078342
1128.284463
1128.639078
1129.292445
1130.115776
1131.725426
1131.970253
1132.198820
1132.546810
1132.948223
1133.051475
1133.155678
1133.592120
1134.105297
1134.112723
1134.243163
1134.698615
1135.514657
1135.542521
1135.652771
1135.862825
1136.183029
1136.430614
1137.063363
1137.078256
1137.326056
1137.892258
1139.267566
1139.364456
1140.098054
1140.182003
1140.395855
1141.219024
1141.543532
1141.698533
1142.237009
1142.262449
1142.732376
1144.519595
1144.735940
1145.151016
1145.243030
1145.353576
1145.702907
1145.796560
1146.083170
1146.125934
1146.257319
1146.310501
1146.481806
1147.590516
1148.766361
1149.255057
1149.800280
1149.855666
1150.085760
1150.408635
1150.867659
1152.575303
1153.138765
1153.306383
1153.727819
1153.845892
1154.388119
1154.593150
1154.641416
1154.722006
1156.508901
1156.893161
1158.131644
1158.594680
1158.895177
1159.255790
1160.486869
1160.737208
1161.511309
1162.124256
1162.418169
1162.509529
1163.180013
1164.024928
1164.131855
1164.615126
1165.032859
1165.465801
1165.484558
1165.630657
1165.727156
1165.870210
1165.877789
1166.287715
1166.451231
1167.774971
1167.959483
1168.083725
1168.496069
1168.725251
1169.151160
1170.514753
1170.632934
1172.022851
1172.455425
1172.507648
1173.463211
1174.109609
1174.603275
1174.656009
1175.794281
1098.216293
1176.495590
1177.588050
1177.891663
1179.392416
1179.546985
1179.763279
1180.070115
1181.184646
1181.656612
1183.665720
1183.768228
1184.147702
1184.193219
1184.197588
1184.320583
1184.820710
1185.451836
1186.113414
1186.482920
1186.732217
1187.406193
1188.744593
1188.858321
1189.309226
1189.554822
1189.660761
1189.906114
1190.299006
1190.852191
1190.999494
1191.221755
1191.471217
1191.572881
1191.818700
1191.838984
1191.950161
1192.673528
1192.900794
1192.908456
1193.031501
1193.291238
1193.963459
1194.253516
1194.449634
1194.746437
1197.068643
1197.188775
1198.170075
1198.844126
1199.001257
1200.242392
1200.653017
1201.074904
1201.217132
1201.665425
1201.687499
1202.005662
1202.067997
1203.471478
1203.781389
1204.714528
1205.791327
1207.127103
1208.161256
1208.173615
1208.336941
1208.602683
1209.528178
1210.031664
1210.113911
1210.332414
1210.441626
1210.719865
1210.911926
1211.019649
1211.051489
1212.412902
1212.787827
1212.979676
1213.067169
1213.478807
1229.353920
1213.513174
1213.695080
1213.786668
1213.805559
1214.072155
1214.235225
1214.636157
1215.100844
1215.241244
1215.394999
1215.496807
1215.509687
1215.691496
1215.842095
1216.031642
1216.723382
1216.904850
1217.124843
1217.511432
1217.573835
1217.600812
1217.970413
1218.925276
1219.397804
1219.564882
1219.935976
1220.385742
1221.693774
1221.851064
1221.967643
1221.999694
1222.038318
1222.152440
1223.378832
1223.632140
1223.791872
1224.067100
1224.100974
1224.575962
1224.690071
1225.021846
1225.185172
1226.136280
1226.535923
1227.029159
1227.592317
1227.703536
1228.140636
1213.509040
1229.395345
1229.461740
1229.688502
1230.174015
1230.680634
1230.738489
1230.963697
1231.037647
1231.054038
1231.210942
1232.039057
1232.113812
1232.380991
1232.796128
1232.822025
1233.495473
1233.513818
1233.538380
1233.713514
1233.799068
1234.286752
1234.614664
1234.740706
1234.862406
1235.286108
1235.398895
1235.569266
1235.739270
1235.745313
1235.770658
1236.444296
1236.516393
1236.535476
1236.689235
1236.702227
1236.721516
1657.506677
1236.872198
1236.875141
1237.919237
1238.086980
1239.284160
1239.482657
1239.571319
1239.607245
1239.672983
1240.472404
1240.853780
1241.737000
1241.846966
1241.852450
1242.974623
1242.998367
1243.934645
1243.943906
1244.092945
426.372329
1244.928046
1245.491245
1245.735516
1245.944920
1246.039289
1246.178171
1246.246148
1246.518044
1246.565337
1246.606333
1247.122580
1247.359221
1247.381548
1247.384683
1247.833817
1249.246775
1249.490739
1249.765407
1250.178892
1250.728506
1250.823772
1251.115736
1251.689247
1251.788674
1251.907690
1252.449591
1252.500706
1252.872853
1253.476731
1254.203164
1254.415135
1255.711111
1256.035743
1256.987323
1256.990453
1257.090984
1258.727180
1259.081366
1260.113349
1261.136001
1261.330615
1261.531788
1263.056966
1263.420199
1263.680136
1265.016459
1265.629552
1266.083745
1266.672341
1268.060538
1268.478486
1268.604279
1268.651866
1268.750107
1268.819568
1269.255344
1269.580115
1269.741480
1269.798648
1269.833266
1270.462729
1270.908299
1271.409780
1271.532102
1272.118654
1125.969853
1274.259728
1274.556390
1274.894676
1275.056762
1275.334946
1275.343777
1275.603210
1278.082275
1806.788468
1279.417791
1279.696339
1279.887791
1279.968767
1280.575477
1280.962009
1281.105838
1281.830635
1281.994792
1282.136005
1282.573767
1283.019413
1283.753861
1283.851759
1284.015053
1284.166366
1284.760487
1284.861900
1285.418666
1285.464837
1286.815537
1287.289834
1287.366888
1287.399486
1288.123782
1288.270064
1288.726599
1288.826319
1289.407860
373.226824
1290.729117
1290.779016
1291.916904
1292.396612
1292.413834
1292.434277
1292.499414
1292.837068
1292.879472
1293.287134
1293.541711
1294.096123
1295.424053
1296.936926
1297.469542
1297.541172
1297.656958
1297.675332
1297.767506
1297.892176
1298.149523
1298.250276
1298.722717
1299.659786
1299.682461
1299.841655
1300.935680
1301.069784
1301.860895
1302.123901
1302.312444
1302.500645
1302.636930
1302.653734
1303.181563
1303.396485
1303.656803
1304.161475
1304.304478
1304.508327
1304.894258
1305.104919
1306.050144
594.507506
1306.772427
1307.103923
1307.593168
1307.723055
1307.854673
1308.252203
1308.906368
1309.360568
1310.646389
1310.799080
1310.993771
1310.993861
1311.073166
1311.115208
1312.649434
1312.891658
1313.212012
1313.280317
1313.392105
1313.458081
1313.984062
1314.120861
1314.910538
1315.821886
1316.063631
1316.795678
1317.485040
1317.741840
1317.768966
1317.932347
1915.860775
1318.267207
1318.366455
1318.705013
1318.769964
1319.541178
1320.101075
1320.249196
1320.419168
1320.564967
1320.816484
1320.854210
1321.509296
1321.690176
1322.192224
1322.927391
1323.936643
1324.368245
1324.525967
1324.529511
1325.597262
1325.949194
1326.260274
1326.502698
1326.528957
1326.636690
1496.998299
1327.393393
1328.150795
1328.165400
1328.893703
1329.066626
115.626609
1329.303499
1329.345075
1329.624926
1329.787736
1331.186197
1331.715358
1333.250586
1333.839113
1334.112259
1334.145401
1334.448823
1334.972128
1335.507882
1335.907408
1336.080548
1336.330233
1336.537054
1336.595306
1336.805850
1337.115732
1337.263186
29.405470
1338.431626
1338.511171
1338.575944
1338.709675
1339.515885
1339.656159
1339.757566
1340.038759
1340.606150
1341.415336
1341.430690
1341.431163
1341.445220
1342.803975
1342.849619
1342.868844
1343.015630
1343.067977
1344.722734
1345.173999
1345.566495
1345.681733
1345.855876
1346.328081
1347.065796
1347.308204
1347.376715
1347.413733
1347.755688
1348.670793
1348.680736
1348.772974
1348.802474
1350.011677
1350.142847
1350.146625
1350.487500
1350.577554
1351.148721
1351.390231
1352.180277
1352.552287
1352.751011
1353.175922
1353.746020
1354.101266
1354.412387
1355.016223
1355.177371
1355.309227
1355.421002
1356.161332
1356.980752
1357.332894
1357.626808
1357.792857
1358.356031
1358.528810
1358.888251
1359.533243
1359.545603
1359.872658
1360.549058
1360.622172
1360.670505
1360.920519
687.778816
1361.299907
1362.352126
1362.576578
1362.956767
1363.432438
1363.919876
1363.986798
1365.395375
1365.441385
1366.665323
1367.267652
1367.409173
1368.684618
1368.702120
1369.537978
1369.831779
1370.431049
1370.609873
1371.053499
1923.543174
1371.337392
1371.574614
1372.532652
1372.551975
1372.612198
1373.075233
1373.793982
1373.833374
1373.982776
1374.016486
1374.138524
1374.685681
1374.997782
1375.009976
1375.236887
1375.415351
1376.558669
1377.313879
1378.109338
1378.126287
1378.196652
1378.251042
1378.959803
1379.468764
1379.527116
1379.744464
1379.846015
1379.849763
1379.929055
1381.300543
1383.055099
1383.676666
1384.344676
1384.638664
76.155021
1384.860099
1385.756624
148.507018
1385.880827
1386.469358
1386.626562
1387.211425
1387.812781
1387.924435
1388.115909
1388.192991
1388.759585
1388.772478
1389.499919
1389.961991
1390.105044
1390.884548
1391.211576
1391.233839
1391.296451
1391.743713
1391.900466
1392.086579
1392.194131
1392.417337
1392.591181
1393.906695
1394.217983
1394.444857
1394.893036
1394.910137
1394.924893
1394.998564
1395.324114
1396.149447
1397.287645
1397.371825
1397.585018
1397.674688
1398.166487
1398.932524
1399.096473
1399.858258
1399.886015
1400.088278
1400.171541
1400.415687
1400.595557
1401.012225
1401.161395
1401.266645
1401.498816
1401.834786
1401.899475
1402.389085
1402.776447
1402.962834
1402.966636
1403.185354
1403.256479
1403.731823
1404.054404
1404.476913
1405.100387
1406.704876
1406.877732
1407.314483
1408.905263
1409.324084
1409.395186
1409.593455
1409.667354
1409.885798
1409.970427
1410.556037
1410.596811
1410.687052
1410.872621
1411.793830
1411.836016
1411.947894
1412.118146
1412.279300
1412.290036
1412.553685
1412.671830
1412.979656
1413.186245
1413.923256
1414.023525
1414.139782
1414.556575
1415.103657
1415.576946
1416.703067
1418.163132
1419.076109
1419.135873
1419.304562
1419.594381
1419.683151
1420.881929
1420.924787
1421.146481
1421.912494
1422.138263
1422.504176
1423.309484
1424.239099
1424.374540
1424.433924
1424.435783
1425.227550
1425.301551
1425.473653
1426.464991
1427.290052
1427.856564
1428.082768
1428.189260
1429.318699
1429.457382
1430.427839
1431.056262
1431.453083
1431.654393
1431.998422
1432.059833
1432.168510
1432.483531
1432.869905
1433.375140
1433.855569
1433.942364
1434.007556
1434.263482
1434.523657
1434.557655
1434.958061
1435.067351
1435.724440
1436.071643
1436.104056
1436.688435
1436.981420
1437.006926
1437.057515
1437.892613
1438.229404
1438.530582
1438.633246
1439.002856
1439.142002
1439.354821
1439.414896
1439.537869
1440.047659
1440.551411
1666.991993
1441.013574
1441.394570
1441.568231
1441.964087
1442.104563
1442.292438
1442.304790
1443.313478
1443.637535
1443.730661
1443.740694
1446.360477
1446.700724
1447.015511
1447.174792
1447.470406
1448.476011
1450.218501
685.155142
1450.805077
1451.090803
1452.549211
1452.843569
209.810819
1453.608534
1454.186885
1454.814726
1454.859924
1455.081406
1455.231802
1455.741491
1456.419447
1456.456138
1457.378504
1457.826169
1457.994594
1458.411734
1459.455423
1459.897566
1459.928470
1460.282919
1460.286134
1460.680235
1461.020283
1461.251937
1461.387764
1461.823981
1461.893938
1462.088336
1462.478663
1462.675165
1462.915727
1463.070273
1463.386488
1463.664399
1464.389904
1465.144965
1465.745666
1466.562048
1466.910631
1467.393836
1468.285544
1468.551591
1469.152724
1469.591785
1470.204959
1470.607906
1471.142807
1471.163952
1471.911936
1472.046907
1472.350674
1473.675939
1473.707194
1474.115189
1474.186837
1474.186924
1475.576690
1475.996393
1476.601913
1476.672486
1476.747248
1476.981537
1477.176423
1477.591726
1478.281368
1478.305579
1478.388772
1479.263707
1479.815293
1539.728709
1480.738754
1481.146380
1481.255123
1481.709064
1482.318336
1483.096156
1483.144617
1483.636088
1483.646008
1483.722700
1484.412232
1485.558592
1486.250364
1486.438722
1486.766652
1486.938921
1487.589796
1488.020546
1488.112115
1488.178612
1488.403850
1488.585024
1489.823222
1490.338187
1490.770159
1491.108276
1491.290851
1492.110956
1492.192294
1492.325396
1493.004028
1493.269394
1493.678012
367.379021
1495.237015
1495.388031
1495.756222
1496.151975
1326.858821
1497.089907
1497.410329
1497.431263
1497.533214
1497.585244
1497.834938
1497.975287
1498.364152
1498.740142
1499.677217
1500.207037
1500.232583
1500.354064
1500.370350
1500.616764
1500.860345
1501.228904
1501.943965
1502.011797
1502.873718
1502.946526
1503.244527
1503.246833
1504.096158
1505.167943
1505.338592
1505.383650
1505.388619
1505.535854
1505.698305
1506.072816
1506.308375
1506.866821
1507.368400
1507.671264
1508.018950
1508.126069
1508.806019
1509.384118
1510.629796
1511.778177
1749.525289
1512.473400
1512.986571
1513.314469
1513.385144
1514.693390
1515.029024
1515.967946
1516.148828
1516.414361
1517.264758
1518.007439
1518.062932
1518.418243
1520.107161
1520.775740
1520.942719
1521.104223
1522.288935
1523.681926
1523.948434
1524.335080
1524.338937
1524.493200
1525.060384
1526.859828
1527.021780
1527.988532
1528.428402
1528.773228
1528.885759
1529.508634
1529.511952
1529.831249
1531.243981
1531.798495
1531.990396
1532.076842
1532.110182
1533.884721
1534.128062
1535.769446
1535.958472
1536.287540
1536.638692
1536.691401
1536.775660
1538.148837
1538.934110
1480.118470
1539.817800
1539.827325
1540.128518
1540.882052
1541.048862
1541.249747
1541.371841
1541.586745
1541.736990
1542.234457
1542.561636
1543.380818
1543.819186
1544.060425
1544.407690
1544.506807
1544.783025
1545.765657
1546.513338
1547.551732
1547.604513
1547.674076
1548.261535
1548.554341
1548.790533
1548.871882
1549.950165
1550.461443
1550.750810
1550.907246
1551.207544
1551.256043
1551.556471
1551.823863
1551.863563
1551.933615
1552.169730
1552.404277
1552.501576
1552.528576
1552.825657
1553.947273
1554.110092
1554.266371
1554.542026
1556.042844
1556.243887
1556.502570
1557.042486
1558.900380
1559.249948
1559.604221
1559.673437
1559.714036
1559.758001
1559.970728
1560.235962
1560.305407
1560.491147
1560.611980
1562.101838
1562.543673
1562.691011
1562.963681
1563.234413
1563.380051
1563.730700
1564.740376
1564.888523
1565.602540
1565.908668
1566.306538
1566.728444
1566.749238
1567.231393
1567.365310
1567.585125
1567.586904
1570.149384
1570.246912
1571.607791
1572.864244
1572.953666
1573.000316
1573.273682
1573.912081
1574.687140
1574.766176
1574.907053
1575.332913
1575.639804
1575.823868
1575.941734
1576.688833
1576.810050
1577.189844
1577.378492
1577.795293
1577.941670
1578.195650
1578.522572
1579.297343
1579.899909
1579.904173
1579.933867
1580.839482
1581.120835
1581.417661
1581.593624
1582.150319
1582.824774
1583.627842
1583.865653
1583.904812
1584.066171
1584.297597
1584.436218
1584.444235
1584.638025
1584.906010
1585.101095
1586.000513
1586.370910
333.237644
1587.595190
1588.049910
1589.349384
1590.371112
1591.270213
1592.000794
1592.100759
1592.302927
1593.052661
1593.686187
1594.618791
1595.284448
1595.410994
1595.513473
1595.784497
1596.644827
1596.927380
1597.168900
1597.215077
1597.591965
1597.969632
1599.169269
1599.197497
1599.537213
1600.050840
1600.196789
1600.539591
1601.068145
1601.689672
1602.148589
1602.341093
1602.755020
1603.241986
1603.268358
1603.510959
1603.531344
1604.192136
1604.525907
1604.937516
1605.430495
1606.734210
1606.883057
1606.888482
1607.143913
1607.295163
1607.885410
1608.036601
1608.070054
1608.159553
1608.370846
1609.100992
1609.174426
1609.916465
1609.981651
1610.134978
1610.276479
1610.456031
1610.674657
1611.003266
1611.404523
1611.660012
1611.782549
1612.443560
1612.774239
1612.970938
1613.020545
1613.966276
1614.115141
1614.167888
1614.237452
1615.773594
1615.822336
1617.128943
1617.183448
1617.737374
1617.813058
1617.925032
1618.311315
1618.822487
1619.112552
1619.994018
1620.423383
1621.245474
1621.815899
1622.722720
1623.016467
1623.359054
1623.524852
1624.001553
1625.077862
1625.324445
1625.909925
1626.092756
1627.124998
1627.450175
1627.816053
1628.333316
1628.508939
1628.569383
1629.900993
1630.125984
1630.297551
1630.818244
1631.075521
1631.563073
1632.507759
1633.388130
1633.594009
1633.754889
1634.028944
1635.325135
1635.917839
1636.187213
1636.282201
1636.604174
1636.632098
1636.861938
1636.989106
1637.179732
1637.322541
1638.501046
1638.957532
1639.695812
1640.005295
1640.513144
1641.783574
1643.796944
1645.193725
1645.686148
1645.703070
1646.510224
1646.932853
1647.756672
1647.816484
1647.908933
1649.318586
1650.236327
1650.621705
1650.983756
1651.369775
1651.414233
1651.666657
1651.855987
1651.981070
1652.631937
1652.955716
1653.175643
1653.237659
1653.623379
1653.977615
1654.319007
1654.346679
1654.858540
1654.865822
1657.068996
1657.307454
1236.757954
1658.141042
1658.645746
1659.068164
1659.296984
1660.823785
1661.533304
1661.932368
1661.945602
1662.281006
1662.466080
1662.489454
1662.817384
1663.760229
1664.059216
1664.560358
1664.889691
1665.033001
1665.252037
1665.370601
1665.677454
1440.720341
1667.199100
1667.850136
1668.073757
1668.221494
1670.008406
1670.076600
1670.156400
1670.186251
1670.645368
1671.417021
1672.331652
1672.566904
1672.849076
1672.849243
1672.898918
1673.336912
1673.506364
1673.983248
1674.180960
1674.301915
1674.402989
1674.663829
1674.821275
1675.411098
1675.888021
1678.323472
1678.609100
1678.683028
1679.099576
1679.304997
1679.457493
1679.692480
1682.104535
1682.161355
1682.281950
1682.969142
1683.547708
1683.878836
1683.891267
1683.975144
1684.387630
1684.880131
1685.198636
1685.311211
1685.562172
1685.744479
1685.851476
1685.854752
1686.251310
1686.550894
1687.211628
1688.684295
1688.748466
1688.831376
1688.905613
1689.680885
1689.864545
1689.983292
1690.759364
1691.126962
1691.127492
1691.438954
1691.965125
1694.293989
1694.853066
1695.663189
1696.829195
1696.996965
1697.090585
1698.548027
1698.685578
1699.270366
1701.356263
1701.428255
1702.576957
1703.956479
1705.547744
1705.615713
1705.898370
1707.480519
1709.568573
1710.025911
1710.149781
1710.286617
1710.442718
1710.597001
1710.694807
1710.926883
1711.522832
217.368894
1713.124713
1713.210993
1713.258059
1713.269286
1713.663518
1713.903318
1713.965945
1714.430410
1714.924325
1715.369086
1716.140617
1716.877990
1716.997207
1717.189932
1717.213265
1717.403729
1718.244267
1718.379005
1718.795151
1719.186571
1719.619397
1720.412125
1720.907247
1721.289049
1722.101947
1723.087814
1723.239020
1723.997587
1724.274548
1724.497283
1726.213887
1726.478362
1726.873003
1727.142662
1727.584006
1727.728586
759.878324
1730.447889
1730.577435
1731.221563
1731.254694
1731.279773
1731.573120
1731.872921
1732.096669
1732.258626
1733.334573
1734.129324
1734.299791
1734.868258
1735.259107
719.519744
1736.377139
1737.105687
1737.199274
1737.598970
1738.226297
1738.508491
1738.983550
1739.066209
1739.333168
1739.467035
1740.387265
1740.405788
1740.482024
1740.942686
1740.974430
1741.425698
1741.851356
1742.621970
1742.939542
1743.964608
1744.301699
1744.806168
1745.813526
1746.053066
1746.430770
1746.875104
1747.082093
1747.477328
1747.543770
1747.655373
1747.786146
1748.042366
1748.891630
1748.915006
1749.033346
1749.354322
1512.012388
1749.613594
1749.879205
1751.388556
1751.976115
1752.023862
1752.392369
1752.591152
1753.116215
1753.713563
1754.669503
1754.684776
1755.052994
1755.063019
1756.444677
1757.290660
1757.413217
1758.720842
1758.767930
1758.833879
1759.127412
1759.156069
1759.348905
1759.682294
1760.577198
1760.706857
1761.135468
1761.901851
1763.084237
1764.143086
1764.378778
1765.039599
1765.165413
1765.448271
1765.519961
1765.895040
1765.927509
1766.230841
1766.536343
1767.278402
1768.391750
1769.377732
1769.543225
1769.933350
1771.361802
252.492593
1772.946503
1773.196525
1773.249835
1773.388399
1773.762116
1774.966433
1775.383396
1775.968518
1776.202448
1776.679327
1776.816300
1776.936393
1776.957147
1777.506195
1819.393571
1777.827152
1777.851535
1778.307189
1778.790715
1779.257351
1779.749370
1779.824313
1779.839429
1780.069030
1780.089841
1780.107345
1780.932253
1781.681969
1782.216324
1782.307450
1782.513658
1783.021321
1783.551051
1783.923740
1784.374442
1784.480100
1784.714124
1785.262122
1785.264257
1785.494754
1786.005439
1786.414886
1786.685595
1786.848265
1787.137340
1787.513204
1788.186554
1788.943984
1789.766265
1790.002358
1790.543799
1790.644088
1790.716156
1791.333834
1792.256432
1792.275696
1792.802414
1793.082568
1793.358681
1793.607678
1794.329313
1794.392731
1794.584459
1795.677939
1795.972070
1796.244618
1796.582794
1796.909693
1797.316090
1798.390236
1799.126409
1799.389166
1799.586446
1799.652806
1799.932493
1800.416718
1800.427678
1801.039928
1801.216082
1802.057446
1802.178885
1802.701194
1803.968552
1804.905333
1805.382421
1805.415231
1805.532151
1805.658028
1806.717350
1278.952989
1807.016722
1807.303102
1807.823291
1808.089214
1808.931093
1809.231313
1810.074013
1810.284624
1810.364116
1812.466848
1812.986438
1813.056752
1813.480722
1813.824670
1813.861052
1813.914955
1814.076277
1814.548540
1815.160041
1815.415996
1816.889618
1817.435135
1817.650181
1818.277934
1818.483853
1818.637286
1818.900821
1819.138174
1777.568299
1819.465777
1819.831419
1819.953375
1820.406660
1821.229355
1821.242798
1821.578681
1822.105624
1822.875278
1823.066160
1823.069279
1823.174371
1823.177269
1823.433296
1824.033703
1824.049222
1824.369508
1824.976716
1825.114605
1825.182701
1825.213423
1825.520720
1825.632774
1825.639175
1825.712779
1825.865644
1826.717804
1826.792943
1826.851935
1827.147347
1827.668315
1827.675247
1829.402912
1830.010113
1830.107502
1830.236128
1830.282835
1830.709997
1830.962289
1831.246430
1831.839420
1832.075677
1832.533063
1832.870494
1832.875908
1833.525901
1833.627730
1834.516989
1834.627053
1835.122571
1835.557967
1835.586804
1835.919930
1836.013738
1836.259535
1837.022178
1837.631615
1838.732829
1838.868660
1839.157161
1839.159684
1839.415147
1839.531701
1839.951803
1840.009359
1840.442242
1840.470616
1840.697483
1840.821029
1840.961503
1841.477489
722.568847
1841.939457
1842.479491
1842.535758
1843.218877
1843.548409
1843.610217
1843.631636
1843.696096
1843.776109
1844.167128
1844.168866
1845.056613
1845.082781
1845.136291
1845.921348
1845.937090
1846.056617
1846.095437
1847.788596
1848.236299
1848.425502
1848.431696
1848.749368
1848.845708
1849.136338
1849.149870
1849.166048
1849.696967
1849.967639
1850.099041
1850.467197
1850.578871
1851.121053
1851.287030
1851.311998
1851.743501
1851.812910
1851.922027
1852.151353
1852.612140
1852.627839
1852.936668
1853.240177
1853.250130
1853.435432
1854.480803
1854.892747
1855.458810
1855.614273
1855.884815
1855.960444
1855.985584
1857.511390
1857.586634
1858.462434
1859.136450
1860.462564
1861.156896
1862.415384
1862.822719
1863.647554
1863.743268
1863.761984
1864.318391
1864.737018
1865.049519
603.633057
1865.601058
1865.866667
1865.898909
1865.982002
1866.865937
1868.241595
1871.062291
1871.176718
1871.779353
1871.828708
1871.930657
1872.303842
1872.807910
1873.294218
1873.473673
1874.368396
1874.691468
1874.986609
1875.436685
1875.544486
1875.623706
1875.783415
1875.823329
1875.877998
1875.926885
1876.059499
1876.208176
1876.835324
1877.002737
1877.533904
1877.594338
1877.728412
1878.056202
1878.327191
1878.476149
1878.925080
1879.936485
1880.164636
1880.498494
1880.527683
1880.596709
1882.312186
1882.312222
1882.484286
1883.001859
1883.045354
1883.212972
1883.314373
1883.501096
1883.585175
1884.298089
1884.886653
475.574965
1885.624007
1885.862043
1885.896426
1886.122198
1887.256368
1887.651882
1887.906925
1887.965534
1888.196240
1888.529154
1888.794753
1889.149204
1889.171882
1890.595129
1890.780710
1890.970124
1891.197909
1891.447772
1891.565034
1891.794147
1891.899158
1892.152948
1892.551665
1892.784601
1893.285339
1894.260036
1894.322243
1894.384346
1895.081516
1895.326761
1895.404541
1896.307415
1897.039433
1897.494354
1897.775028
1898.276836
1898.964957
1899.173703
1899.194086
1900.493591
1901.120097
1901.658803
1901.924949
1902.264848
1902.376339
1902.624611
1902.852786
1903.146434
1903.227773
1903.421045
1904.299975
1904.419843
1904.891152
1905.025813
1905.739127
1905.896044
353.797641
1906.091016
1906.502877
1906.538019
1906.881824
1907.055062
1907.911568
1908.160218
1908.321661
1908.429682
1908.453328
1908.843530
1908.973972
1909.162008
1909.250454
1910.278261
1910.302938
1911.025770
1911.374431
1911.654490
1911.950048
1911.953037
1912.157651
1912.241307
1912.820901
1913.898144
1914.485270
1915.136013
1915.148796
1915.236845
1915.851039
1318.125108
1916.049515
1916.570057
1916.603987
1916.894144
130.006337
1918.578768
1918.766370
1918.848754
1918.993165
1919.059136
1920.531706
1920.832551
1921.234082
1921.373764
1921.469861
1921.504158
1921.574558
1921.790424
1922.100706
1922.611481
1923.261010
1923.364158
1371.266403
1923.667552
1924.240295
1924.313436
1924.636666
1924.902697
1926.158202
1926.311834
1926.533340
1926.579406
1926.896100
1927.610828
1927.946207
1928.444994
1928.750693
1928.863028
1929.035022
1929.837020
357.519236
1930.271088
1930.547412
1931.174037
1931.270473
1931.331952
1931.341738
1931.594913
1931.777770
1932.236690
1932.445299
1933.899467
1934.339399
1934.465025
1934.869276
1935.002080
1935.709964
1935.768978
1936.054587
1936.084476
1936.356041
1936.740658
1938.462913
1938.728946
1938.962980
1939.676940
1940.240987
1940.810143
102.759757
1941.479781
1941.836896
1942.333850
1942.511927
1943.038187
1943.532811
1943.687009
1943.700080
1943.725039
1943.767019
1943.850626
1943.986441
1944.234397
1945.160918
1945.184110
1945.344343
1945.639502
1945.861767
1947.558336
1947.626983
1948.741974
1948.860931
1948.980537
1949.527913
1949.761598
1950.761076
1951.296306
1951.539750
1952.216492
1952.958087
1953.235244
1953.279905
1953.669199
1953.963108
1954.073444
1954.265723
1954.483540
1954.954561
1955.932861
1956.127771
1956.396023
1956.470458
1956.764667
1957.438846
1957.608431
1958.228560
1958.381564
1958.847515
1959.005920
1959.355654
1960.379595
1960.725795
1961.357574
1961.630215
1961.681776
1961.748183
1962.255274
1962.273492
1962.648531
1963.163701
1963.992407
1964.747655
1966.099941
1966.187970
1966.407833
1966.459935
1966.612055
1966.820207
1967.311758
1967.407311
1967.943937
1968.079230
1968.122372
1968.842513
1968.856736
1969.370174
1969.850206
1970.447943
1971.281665
1971.980910
1972.049343
1972.309445
1972.489626
1973.001227
1973.024374
1973.740214
1974.024099
1974.782100
1975.345454
1975.631612
1975.827263
1975.934148
1976.053396
1976.288227
1976.600739
1977.162375
1977.234849
1977.714613
1977.883879
1978.971198
1979.246320
1979.501516
1980.157813
1980.670204
1980.986150
1981.027586
315.218647
1981.430315
1981.965439
1982.751480
1983.292770
1983.382471
356.007796
1984.369896
1984.627525
1984.776667
1985.960113
1986.202435
1987.432944
1987.747958
1987.958972
1988.816430
1989.406019
1989.736324
1989.929219
1990.256779
1990.600843
1990.601883
1991.092797
1991.532141
1991.630185
1991.783397
1992.998482
1993.451360
1993.581042
1993.873413
1994.305579
1994.446313
1994.691491
1995.490245
1995.848081
1996.985868
1997.292001
1997.866135
1997.887208
1998.357627
1998.737646
1998.831711
1999.555080
1999.952968
1999.974549
