0.216160
0.764713
1.706382
1.893170
2.172228
2.964375
3.014906
3.189771
3.274652
4.294185
4.312295
4.600100
4.908713
5.532614
6.291519
6.390984
6.633518
6.952503
7.651274
7.931581
8.073120
8.124165
8.372718
8.639616
8.775082
8.881192
8.990624
9.542828
9.883467
10.050009
10.219234
10.233397
10.251277
10.466822
11.244180
11.440699
12.544757
13.042584
13.460757
13.807997
14.160514
14.870309
14.948698
16.161917
16.169698
16.347885
16.355361
16.612659
17.070235
17.644265
17.928493
17.930708
18.566756
18.590777
18.951169
19.213912
20.134702
20.249722
20.559026
20.778279
21.221028
21.260161
21.400469
22.895050
22.895563
23.379820
23.689266
23.784066
23.867139
23.954161
25.266689
26.352694
26.925929
27.624153
27.945609
28.168824
28.279262
28.313943
30.607565
30.758294
30.854071
31.138432
31.260452
31.431435
31.801629
31.975831
32.114485
32.296747
32.575642
32.860795
33.560621
34.946705
35.057838
35.508806
36.144068
36.721983
37.189465
37.361170
37.559905
37.604449
37.799889
38.598959
39.139180
39.354944
39.455482
39.631132
39.643969
40.489093
40.764889
41.291589
41.655773
42.677176
43.141879
43.172024
43.524609
43.529256
43.883912
44.147179
44.608003
44.882128
45.561509
46.351574
46.398958
47.292734
47.949002
48.133091
48.424759
48.519015
48.529511
48.756754
49.260615
49.669680
49.990381
50.154681
50.289502
50.780819
50.803381
50.989032
51.002494
52.361227
53.014555
53.267490
53.988713
54.563320
55.408066
55.613080
55.910031
56.532407
56.593336
57.043502
57.225995
57.250555
57.413811
57.730388
57.760838
57.760927
58.334478
58.374408
60.086374
61.489418
62.082353
62.671324
63.020348
63.531190
64.108857
64.607625
64.709609
64.732540
64.745544
64.754954
64.980479
65.072631
65.139957
65.715557
65.809585
66.376406
66.432539
66.594624
66.754661
67.563376
67.912822
68.162604
68.387514
68.442473
68.478408
68.560639
68.778886
69.013787
69.174066
69.310355
70.150506
70.654925
70.683190
71.022358
71.380832
71.685611
72.486126
72.572493
72.723719
72.797606
72.823617
72.929275
73.947032
74.679989
74.761933
74.791218
74.998735
75.111106
75.133822
76.102044
76.435940
76.926766
77.165951
77.444543
77.508807
78.021448
78.778509
78.970267
79.027047
79.680338
79.823985
79.867835
80.017368
80.179307
80.210262
80.335598
80.458866
81.513232
81.900236
82.033588
82.532398
83.244241
83.489974
83.546718
83.936404
84.368506
84.569193
84.650348
85.551586
85.571340
85.595804
85.785361
86.585730
87.251563
87.435732
88.517537
88.663374
89.245255
89.515474
90.943910
90.967362
91.287204
91.419532
91.698959
91.963791
92.494148
92.642258
92.745575
92.890732
93.379673
93.473026
93.787505
93.876513
93.878805
94.003271
94.078501
94.124064
94.417876
95.395774
95.498907
95.516154
95.820692
97.147516
97.632028
98.178645
98.477259
98.540914
98.668974
100.808849
100.927445
103.717938
104.174956
104.190974
104.196750
104.280975
104.336956
104.423874
104.486163
106.400391
106.527277
106.928122
107.277871
107.506502
107.932636
109.091479
110.244688
110.318106
110.414726
112.794225
113.070474
113.176032
114.311147
115.261780
115.272171
115.552573
116.141049
116.377083
117.883376
117.901451
118.362484
118.714094
118.791144
119.406435
119.625588
119.770235
119.918192
120.317328
120.415240
120.684027
120.823123
121.155651
121.280072
121.561722
122.010607
122.383862
122.417405
123.108965
123.249496
123.302172
123.642073
124.158183
124.304934
124.544598
125.067481
125.124380
125.343878
125.462756
126.624784
127.441125
127.541875
127.940134
128.836734
128.971787
130.115050
130.133887
131.147466
131.450780
132.665494
133.160678
133.278337
134.108485
134.286864
135.045361
135.477778
135.643068
135.921717
135.977679
136.104526
136.565279
136.779308
136.871698
136.981305
137.733588
137.810410
137.837436
139.159184
139.708097
142.839559
142.914769
144.429462
144.585111
144.634309
145.540392
147.239652
147.453903
147.708548
147.821603
148.326608
148.338497
148.440447
148.824710
150.365226
150.863450
150.973560
151.276865
151.803428
152.168066
152.741693
153.105145
153.227813
153.293883
153.330852
153.979553
155.160956
155.601171
155.773923
155.806558
155.955326
156.273712
156.918482
157.338278
157.666736
157.991690
158.104967
158.122592
158.175966
158.291747
158.770557
159.488370
159.745786
161.459534
161.464789
162.575818
162.881448
163.123594
163.293495
164.134946
164.440710
164.893447
165.382737
165.484092
165.809901
166.087397
166.250478
167.020198
167.084846
167.125241
168.136831
168.167421
168.502677
168.585196
168.631190
169.238356
169.564000
171.073773
171.170896
171.214722
173.220595
173.760780
174.065335
174.284086
174.603359
175.428511
175.481556
175.738065
175.775758
177.074177
177.219441
178.433219
178.667717
180.218296
180.342138
180.949483
181.151572
182.140775
182.363756
182.703943
182.765969
182.957388
183.427964
183.902937
185.529862
186.169236
186.518589
186.733860
187.098051
187.241345
187.482211
188.231903
188.522200
188.935245
189.491784
189.747090
189.873498
190.881740
190.950843
191.253006
191.410268
191.617498
193.186051
193.730275
194.463317
194.900256
195.059575
195.090725
195.276259
195.430019
195.802690
196.042051
196.811297
197.150405
197.655197
197.772758
197.926235
198.354442
199.311511
199.508786
199.586522
199.917782
200.583587
201.263614
201.490791
201.621737
201.634362
201.715633
201.977664
202.710240
202.924012
203.521778
203.582813
203.710130
204.013514
204.061184
204.281938
204.300665
205.081141
205.285911
205.613593
206.168493
206.261927
207.113640
207.723283
208.669159
208.896518
209.124583
209.299669
210.010027
210.641840
211.440381
212.014349
212.257893
212.281836
213.712034
214.012250
214.329234
214.602108
214.714371
214.893942
215.038650
215.270276
216.038982
216.239681
216.390520
217.459907
218.256516
219.091810
219.230352
219.422115
219.582249
219.608421
219.849003
219.903577
220.125224
220.361566
221.526171
222.095125
222.563550
222.732748
222.841177
223.264907
223.353271
223.430532
224.018602
224.090213
224.158096
224.200098
224.232737
225.047687
225.981217
226.058085
227.063059
227.832146
227.934872
228.078389
228.735077
228.832482
229.414115
229.593740
230.090710
230.485615
230.743303
231.521947
231.712526
231.985902
232.103054
232.131825
233.151305
234.164065
234.319763
234.860039
235.744131
236.438899
236.559711
236.561408
236.665657
239.058701
240.088415
241.032177
241.034298
241.218271
241.440659
241.632340
241.833858
242.314371
242.510076
242.740229
242.784894
243.297596
243.638569
244.004954
244.499732
244.986283
245.273250
245.650236
246.193458
246.855022
247.083740
247.701081
248.416681
248.575434
248.912209
248.967607
251.206570
251.352907
251.860864
251.948734
252.109699
252.134483
253.053681
253.615572
253.861873
254.284013
254.384951
254.469325
254.675644
255.715661
256.163086
256.163168
256.314827
256.426401
256.457136
256.492928
256.632679
256.670634
256.916594
257.589886
258.148794
258.367144
258.389221
258.846168
259.382546
259.516708
259.663834
259.828792
260.157569
260.325639
260.445837
260.833008
261.268669
261.433602
261.873083
262.136263
262.628329
262.941604
263.294058
263.870316
264.114916
264.428021
264.589394
264.640385
264.675745
265.601605
266.407707
266.511699
266.672978
266.916324
267.068111
267.704210
268.939259
269.202631
269.324083
269.597582
270.373345
270.660790
270.713100
270.919513
271.861852
272.984109
273.262153
274.052953
274.070121
275.675617
276.383728
276.682983
277.101065
277.242828
277.515595
277.637478
277.800936
277.825955
278.172852
278.637340
278.777473
278.821121
279.282515
279.405635
279.580721
279.747704
279.904662
280.272259
280.593703
281.089349
281.303604
281.533032
282.031014
282.248832
282.949300
283.854869
284.113444
285.142385
285.325468
285.379686
285.749342
286.246586
286.404842
286.792267
286.987509
287.097241
287.570185
288.805044
289.027370
289.458274
289.762716
289.787952
290.510028
290.555139
290.636810
292.248766
292.528149
292.569748
293.406500
293.692454
294.237718
294.321333
294.588894
296.657325
296.844623
297.620450
297.904532
297.928683
298.273120
298.733781
299.099966
299.287534
299.403178
299.850314
300.874008
300.923175
300.979708
301.663113
301.712833
301.944256
302.222058
302.634336
302.744494
304.199240
304.710764
304.888127
305.769792
305.980644
306.592896
306.597207
306.629971
307.313874
307.489540
307.707079
307.936211
308.579526
309.102618
309.442980
309.653218
309.752081
309.925303
309.983508
310.099958
310.598191
310.600789
310.788771
311.162418
311.318402
311.539771
312.072975
312.271648
312.619521
313.765789
314.303767
314.402871
314.739351
316.267164
316.277189
316.468865
316.528344
318.377271
318.562097
318.653520
319.109631
319.216210
319.563631
319.962536
321.064935
321.627360
322.149137
322.321806
322.391016
322.798514
323.104074
323.215074
323.519560
323.709760
323.840248
324.304158
324.378416
324.474056
325.115733
325.220316
325.359336
325.592672
327.397815
327.406781
327.424082
327.632770
328.059013
328.367740
329.294372
330.627405
330.658150
330.743812
331.178398
331.282900
331.641079
332.322833
333.003205
333.017703
333.876212
333.985291
335.667300
335.972621
336.048908
336.126283
336.222508
336.340758
336.547441
337.141155
338.503132
338.665507
338.807980
339.374271
340.100946
340.114232
341.969845
342.133294
342.809279
343.245879
343.413562
343.481629
344.483544
344.558847
345.118735
345.197002
345.823768
346.068656
346.694906
346.933635
347.576126
348.221862
348.235776
348.500909
348.722114
348.862808
349.168214
349.279290
349.650973
350.170658
350.282764
350.646741
350.682777
350.745883
351.969916
352.258286
352.959168
353.127784
353.345284
353.613837
354.487179
354.976967
355.412053
355.678715
356.139474
356.670454
357.224032
357.252063
357.293020
357.484786
357.524052
357.600510
358.495087
359.181150
359.197381
361.182814
362.217212
362.324125
362.403989
362.425710
362.592939
362.695703
363.015680
363.153174
364.180382
364.374065
365.614691
366.317812
366.392557
366.400411
366.550163
366.703375
367.223906
368.278173
368.399637
368.634040
369.138923
369.228180
369.545865
369.630872
369.743354
369.996190
371.018495
372.082859
372.342883
372.615121
372.861040
373.218802
373.248038
373.715766
373.802675
374.108447
374.997504
375.467916
375.746877
376.109574
376.189954
377.116415
377.184444
377.548067
377.875386
377.919314
378.493995
379.285594
379.571161
381.186346
381.864763
381.900931
382.627242
382.781343
382.833173
382.857124
383.013735
383.081740
383.573781
384.277589
385.524057
385.753000
385.824720
385.969557
386.076759
386.149201
386.752218
386.957026
386.997839
387.234924
387.296713
388.336246
388.505402
388.712688
389.646434
390.018999
390.234245
390.243471
390.392112
391.015116
391.759849
391.825591
392.152620
392.377342
393.018127
393.690200
393.791520
393.830715
394.898803
395.469207
395.746349
397.143198
397.398157
397.847338
398.883770
399.365751
399.408660
399.459674
399.535286
399.662727
402.128382
402.164830
402.177469
402.254214
402.570020
403.524940
403.759878
403.844793
403.953876
404.896539
405.328435
405.962238
406.718472
406.831179
406.857600
406.986742
407.249559
407.389742
408.551342
408.829143
409.276440
409.379861
409.520812
409.873100
410.163050
410.461537
411.087736
413.006344
413.060978
413.326283
413.598958
413.659966
413.740558
414.133445
414.540868
415.431167
415.699663
415.843308
416.611332
416.891117
417.089841
417.270085
417.322371
418.474449
418.557190
419.524081
420.474095
421.444558
421.894218
422.051424
422.149104
423.753471
424.041591
424.477468
424.507994
424.517254
425.150650
425.204345
425.449421
425.569217
426.118656
426.118896
426.700315
427.059866
427.428314
428.341395
428.579322
428.725662
429.694389
430.211536
431.284101
431.744755
432.312312
433.314125
433.543504
433.560545
433.776931
434.167273
434.459886
434.521144
434.870835
435.076334
435.249250
435.333401
435.693304
436.077082
436.144574
437.682550
438.089388
438.516727
438.601352
439.681539
440.084748
441.989555
442.062642
442.184694
442.244486
442.954077
442.961855
443.493600
444.142756
445.099507
445.889923
446.853915
446.928645
447.199473
447.556424
447.867025
448.444921
448.855706
448.978439
449.373446
449.612306
449.809488
449.866356
449.966357
450.582926
451.303174
451.876588
452.088463
452.996459
454.226017
455.093038
455.545662
456.183998
456.184090
456.190031
456.238036
456.392717
456.709132
456.983858
458.256071
458.668439
458.829046
458.854758
459.858430
460.273726
460.872364
461.492501
461.674938
461.829086
462.372333
462.406159
463.348247
463.706826
464.047459
464.088354
464.719438
464.988502
466.321818
466.762579
467.150936
467.302841
468.398903
470.578848
470.878749
471.716236
472.576048
473.511972
473.800816
474.059063
475.141416
475.612643
476.807735
477.411373
477.474217
477.601674
477.637532
477.698226
477.700731
478.280453
479.581602
480.953208
481.034202
481.300620
481.649770
481.747307
483.203181
483.415253
484.607175
484.884237
484.888190
485.114871
485.190465
485.341473
485.383388
485.531228
485.803689
485.890625
485.908509
486.327864
486.450505
486.514056
486.530232
486.777648
487.630214
487.843214
487.849690
488.009916
488.722687
488.821332
488.908983
489.058820
489.532553
489.571653
489.774297
489.788312
491.938454
492.155346
492.472615
493.079598
493.149254
493.944560
494.902477
495.029979
495.047582
495.105638
495.932159
496.027357
496.116714
496.682916
496.832974
497.010538
497.587650
497.971113
498.792659
498.831251
499.145215
499.181523
499.240778
499.896633
500.334997
500.397049
500.711020
500.984080
501.257437
501.320381
502.230557
503.271413
503.505331
504.089772
505.292116
505.456050
506.134322
506.266362
506.299018
506.652867
506.821892
507.100920
507.215306
507.719424
507.870207
508.218060
509.403700
509.507645
510.320108
510.610409
510.682847
510.779429
511.142013
511.454021
512.732028
512.985858
513.837492
514.440201
514.824109
515.048023
516.176214
516.718640
516.981301
517.279063
517.424884
517.457223
517.502256
517.696905
517.816167
518.103665
518.348122
518.741115
518.835588
519.760746
519.822202
520.315499
520.376727
520.871999
521.058440
522.444682
523.373199
523.389213
523.464958
523.903720
524.341860
524.445324
524.447148
524.981314
525.602463
525.652087
526.014448
527.179126
527.584970
528.889266
528.952911
528.965889
529.399674
529.647899
530.491443
530.757315
531.475115
531.501632
532.995763
533.305061
535.812633
535.908637
536.807797
536.814292
537.307255
539.119328
539.146426
539.996012
540.368215
540.615288
541.264282
541.401836
541.559819
541.757489
541.994016
542.088930
542.418502
542.442444
543.200007
543.312291
543.473562
543.494055
544.344349
544.396981
544.440198
544.466823
544.755408
545.366100
545.574254
546.001114
546.138795
546.581889
546.722313
546.746368
547.418620
547.889164
547.909892
548.034916
548.253882
548.996827
549.090228
549.627209
550.668122
551.422452
551.718682
552.477993
553.618835
554.188275
554.650563
554.712287
554.972285
555.066632
555.287635
555.398945
557.133734
557.267730
557.615088
557.738145
557.869265
558.740474
558.792889
558.814302
559.178179
559.365056
559.367049
559.692924
559.752943
559.911964
560.491846
560.944824
561.033796
562.475858
562.526021
562.711097
563.406314
563.480758
563.858403
565.274743
565.328529
565.385012
565.744850
566.003909
566.026315
567.083088
567.228154
567.278460
567.732767
568.707421
569.882482
570.928352
570.976493
571.176661
571.255911
571.678235
572.010449
573.094840
573.709335
573.766362
573.929347
574.380870
574.415640
574.515080
575.237440
575.331735
575.368055
576.302878
576.320461
576.595022
576.661435
577.419744
578.592669
579.235703
579.450710
579.616948
579.995737
580.457152
581.088970
581.162280
581.355685
581.378701
581.411074
581.709360
581.765376
582.052106
583.236176
583.902368
584.228681
584.244568
584.334397
584.425894
584.966826
585.963410
586.427548
587.145762
587.471856
587.727504
588.622981
589.398737
589.529069
589.553517
589.589038
589.754093
589.760276
590.255091
590.965548
591.619886
591.629421
591.718993
592.626408
592.681282
592.968971
593.089386
593.878683
593.886433
593.918727
594.194688
594.454004
594.486559
594.618891
594.797270
594.957408
595.032123
595.209738
595.558463
596.381156
596.439617
596.818566
597.384734
598.155751
598.202621
598.773837
598.992644
599.434105
599.587922
600.352331
600.648043
601.202656
601.638693
601.774245
601.940585
602.043580
602.303397
602.510831
603.358096
603.612902
605.849875
606.210669
606.579997
607.049473
607.519913
607.530421
607.691345
608.012757
608.361017
608.595363
608.795603
608.991426
609.030107
609.547748
609.968932
611.741370
611.949258
612.006635
612.254319
612.342896
612.442597
613.433061
613.831756
614.034498
614.407709
615.698214
616.041173
616.077671
616.093004
616.219555
616.252375
618.368785
618.949202
619.024504
619.117392
619.412040
620.465603
620.703359
621.375555
621.394754
621.487605
621.946964
622.025083
622.161448
622.184517
622.660852
623.087237
623.322707
623.579097
624.050405
624.369859
624.642871
624.838572
625.756275
626.320623
627.389142
628.174082
628.186869
628.383634
629.781258
630.228660
630.429541
630.504257
630.511279
630.660624
630.774315
630.782671
631.263812
631.632551
631.698424
633.857396
634.579170
634.643842
634.890230
634.995133
635.031922
636.470286
637.006163
637.095659
638.882378
638.920758
638.986652
639.993573
641.605454
641.697517
642.244020
642.441244
642.487561
642.492843
642.924885
643.024119
643.124738
643.564564
643.963556
645.139557
645.429981
645.759826
645.915966
646.770066
646.852564
647.341538
647.949182
648.011069
648.628994
649.049060
649.415172
650.354568
650.793561
651.032561
651.049703
651.342325
652.224874
652.244487
652.486314
652.497778
652.736891
653.096212
653.100354
653.245284
653.302015
653.554594
653.592617
653.757363
653.815884
654.089410
654.501028
654.800950
656.679923
657.384069
657.751299
658.119094
658.290967
658.410762
658.448703
658.647251
659.113575
659.335045
659.420931
659.634021
660.144216
661.248824
661.910035
662.328637
662.392885
662.624268
663.438403
663.442752
664.272679
665.719238
666.033811
666.629023
667.162899
667.333231
667.362396
667.533831
667.566249
668.768491
669.526312
670.173463
670.184209
670.255535
670.937450
671.036536
671.343709
671.644226
672.080036
672.722743
673.071517
673.457803
673.477484
675.053539
675.095692
675.281117
675.486822
675.804666
675.825274
676.220697
676.313838
677.097902
677.487836
677.656321
677.716156
678.071310
678.221418
678.233065
678.258747
679.414822
680.616729
680.722561
681.419222
681.446896
681.488949
681.699333
682.523224
683.015340
683.082353
684.416459
684.492229
686.125749
686.373875
686.558264
686.852140
687.352424
687.910954
687.987601
688.207919
688.995630
689.062536
689.442190
689.596939
689.745513
689.754222
690.208912
690.326781
690.455410
690.480040
690.706212
691.047434
691.182385
692.026891
692.493417
692.853914
694.625985
694.775518
695.201964
695.297857
695.383029
695.449690
695.548106
696.281614
696.655605
696.803034
698.578922
698.642239
698.731362
698.752982
699.707482
699.795674
701.314423
701.591909
702.038237
702.279355
702.816401
702.866331
702.922196
703.064721
703.117765
703.344189
703.554264
703.601304
703.666127
703.669963
704.312413
704.365441
704.478808
705.045858
705.176180
705.370481
706.101245
706.101887
706.262111
706.945238
707.010764
707.292855
707.972137
708.193568
709.076572
709.381461
710.510587
710.727744
711.084143
711.441609
711.516732
711.591750
711.945736
711.953757
711.999137
712.095067
712.111675
713.469754
714.817596
714.900847
715.202869
715.356345
715.950758
716.708738
717.428149
717.991583
718.015723
718.315591
718.389825
719.022220
720.282392
720.450145
720.938837
721.275771
721.337588
722.013578
723.257167
723.497431
723.504405
723.617959
724.012551
724.077589
725.569144
725.599801
725.965777
726.501674
726.786399
726.996830
727.150035
727.438407
727.726152
727.999295
728.339697
728.934423
730.492769
731.040550
732.863735
732.959257
733.077063
733.122644
733.160888
733.602888
733.683739
733.942325
733.982469
735.668565
735.688573
735.848435
736.673863
737.141313
737.152943
737.590322
737.624251
737.638930
737.792702
738.206565
738.652286
738.923598
739.273792
739.506997
739.895577
739.950764
740.049399
741.059983
741.456171
742.109194
742.416878
742.616377
742.740801
743.180968
743.309358
743.395156
743.554179
743.706060
744.063225
745.139135
745.213597
745.737317
746.057659
746.853527
747.488070
747.752668
747.787207
747.943834
748.364601
748.500921
749.314289
749.590113
749.638327
749.842497
749.867669
749.896060
750.435138
751.106707
751.240749
751.426829
751.603564
751.630486
752.342600
752.871804
753.366412
753.514251
753.606983
753.693489
753.800727
754.131638
754.287453
754.690229
754.705868
756.182385
756.403042
756.545926
756.788557
759.284631
760.025585
760.344677
761.209627
762.882962
762.930512
762.967402
763.325221
764.245706
764.432436
764.568577
765.020665
765.022641
765.084788
765.181135
765.684806
765.766701
766.114904
766.547603
766.902212
767.106553
767.597644
767.911878
768.685179
769.172356
769.358940
769.419228
770.171025
770.211977
770.841103
771.142341
771.714744
772.807931
773.347824
773.551094
773.696267
774.268889
775.126004
775.586786
775.905310
776.158603
776.285724
776.482805
777.139128
777.217253
777.363871
777.524188
778.932928
779.085780
779.231160
779.335697
779.490241
779.673393
780.312864
780.339310
780.408849
780.992746
781.376374
781.605177
782.048137
782.320958
782.325090
782.904805
783.567792
783.603865
783.722883
783.991574
784.363986
784.371998
784.594907
784.780194
784.938922
784.948501
785.127032
785.244339
785.629792
785.891139
786.153220
786.692999
788.063108
789.177074
789.558058
789.803059
791.208535
791.708520
793.713397
793.978361
794.581889
794.728692
795.916663
796.148746
796.339965
796.625153
797.027903
797.374074
797.584656
797.823001
797.829037
797.958897
798.277997
798.616318
799.384231
799.451548
799.739956
799.815073
799.992172
800.428081
801.306565
801.958671
802.015804
802.251856
803.572296
803.641135
803.718864
803.761192
804.946669
805.178946
805.527121
805.600927
806.749559
806.962942
808.220578
808.256083
808.344349
810.907288
811.147909
812.207373
812.537356
813.429199
813.500250
813.563393
813.758190
813.765949
814.347131
814.591023
815.603493
815.911821
816.348180
816.913817
817.424780
817.502713
817.925250
818.030607
818.496182
819.018299
819.460475
819.670135
820.612098
820.966968
821.553412
821.660371
822.335683
822.918864
823.064080
823.738344
824.345926
824.535002
825.191184
825.897413
826.351307
826.364507
826.443591
826.998204
827.265123
827.321881
827.688511
827.953621
827.965758
828.373899
829.288455
829.398466
829.842039
830.648909
832.450331
832.566799
832.856173
833.112457
833.478724
833.668108
834.589251
834.811278
835.000646
835.911521
836.863147
836.974685
837.082470
837.852817
837.913295
837.943999
838.025629
839.086433
839.469445
839.888369
840.746656
841.044248
841.543962
841.642248
841.658779
843.424547
845.444897
846.090708
846.449985
846.717939
846.872615
847.525579
847.848206
848.281914
849.253795
849.380870
850.167880
850.193913
850.666251
850.779371
850.811896
851.267078
851.963307
852.034699
852.204771
852.367644
852.627579
852.734902
853.077356
853.366309
853.440373
854.024965
854.387034
854.758164
855.581106
856.378640
856.682806
856.793028
857.256264
857.399419
857.727793
858.151508
858.257669
858.707433
859.122766
859.984732
860.758972
860.838375
860.981702
861.783991
862.002708
862.244161
862.481229
862.572580
862.607609
862.715298
862.769156
863.542557
863.672044
863.786404
864.857535
864.998457
865.380442
865.659526
866.226379
866.489525
866.711873
866.794423
867.698672
867.725771
868.034381
868.140948
868.193937
868.418044
869.351274
869.782459
870.174669
871.959448
872.771442
872.873722
873.110028
873.298853
873.797197
874.141278
874.316173
874.318576
875.052826
875.695832
875.937255
876.375358
877.011685
877.593502
877.697362
878.412546
878.639923
878.906490
878.952294
878.963894
879.162195
879.272597
879.703906
880.200919
880.403149
880.898303
881.357449
881.368491
882.168746
882.701848
883.603231
883.810435
883.849540
883.988649
884.336574
884.898663
885.028093
885.100735
886.000926
886.827681
887.553023
888.365683
888.462149
888.787528
888.938643
888.979010
889.505869
889.697765
889.933259
890.478369
890.503486
891.348276
891.487662
891.489306
891.536207
891.622688
891.670358
892.448338
892.614707
892.639282
893.168112
893.426443
893.733826
894.039945
894.447190
895.172447
895.230487
895.399359
895.502552
895.717964
897.218969
897.910034
897.993900
898.109389
898.170466
898.603910
899.282909
899.933848
900.945638
901.104377
901.723791
901.927545
902.103500
902.482060
903.002912
903.019027
903.054196
903.367211
903.588948
904.685113
904.942351
906.425609
907.732328
908.004911
908.035191
908.400834
908.488499
908.722460
909.131457
909.489427
909.637209
909.795006
911.176060
911.458443
911.611713
911.791187
912.168779
912.831195
913.018200
913.790604
914.426817
914.883360
915.079971
915.215300
916.303453
916.370135
916.390188
916.397555
916.736604
917.143418
917.177078
917.389365
917.852061
917.943603
918.195155
918.333104
918.374993
919.750991
919.959187
920.232041
920.297552
921.789219
922.170391
922.477564
922.490602
922.696236
922.997697
923.054094
926.508371
928.073240
928.113884
928.413659
928.560338
928.569063
928.570689
928.850182
929.088766
930.030754
930.514955
931.288556
931.538539
932.643596
932.797906
933.509539
933.902506
934.200338
934.522014
934.821994
934.952340
935.296732
935.546732
935.995257
936.269608
936.278850
936.971173
937.004501
937.063660
937.304201
937.542205
937.683009
937.717552
938.003823
939.355151
939.484482
939.916691
940.436201
940.795145
941.188751
941.284573
941.530839
941.580037
943.192228
943.379313
943.716621
943.735365
943.800809
944.078405
944.521020
945.767247
945.820221
946.015019
946.329712
946.545387
947.541299
948.233108
949.246914
949.446294
949.538798
949.818071
950.361773
950.722640
951.069675
951.296275
951.648713
951.731766
953.615275
953.842087
954.095216
954.333494
954.418407
954.432152
954.585837
954.946095
955.232622
955.608644
955.715200
955.769225
955.855296
955.909688
956.652483
958.175397
958.913474
959.164827
959.175427
959.665601
960.352280
960.359595
960.561689
963.092546
963.810137
964.071261
964.835534
965.225139
965.484525
965.670529
965.940320
966.107155
967.054727
967.464230
967.770102
967.923348
968.467249
969.165020
969.910245
970.104116
970.263311
970.457578
970.570523
970.990602
971.248856
971.862771
972.570618
972.825974
973.662976
974.114928
974.245066
974.559064
976.153787
976.194230
976.194500
976.212043
976.840084
976.942812
976.959113
977.036369
977.287766
977.556214
978.179351
978.983383
979.032974
979.218502
979.527954
979.829366
980.322468
981.235372
981.566801
983.658115
983.709540
983.828232
983.860223
985.213031
985.226170
985.818600
986.354049
986.404326
986.651393
987.541624
987.600592
987.745644
988.028184
988.121595
988.164636
988.280004
989.048786
989.511164
989.665026
989.747798
989.748461
990.021710
990.140150
990.450290
991.840215
991.893979
992.370921
992.396868
992.443810
992.804763
993.161784
993.493117
993.564551
993.934130
994.086369
994.711942
995.639141
995.832224
996.131510
996.544672
996.619357
996.865380
998.198210
998.596678
999.151407
999.186091
999.269458
999.561049
1000.187368
1000.324420
1000.663919
1001.411831
1001.675639
1002.471433
1002.493537
1002.711203
1003.718939
1004.096489
1004.271895
1004.318853
1004.444087
1005.592344
1006.108868
1006.172650
1006.190394
1006.233350
1006.717858
1007.431700
1007.603599
1008.025849
1008.207849
1008.326330
1008.482909
1008.972170
1009.029129
1009.094885
1009.279534
1009.673935
1010.462220
1010.506851
1011.132048
1012.808577
1012.895852
1012.976812
1013.592591
1013.729898
1013.808832
1014.121105
1014.155161
1014.406497
1015.089554
1016.066568
1016.220657
1016.608079
1016.796983
1017.231524
1017.377055
1017.723348
1018.044978
1018.437921
1018.836868
1019.248224
1019.312869
1019.654850
1019.688996
1019.881746
1020.280393
1020.944790
1021.217987
1022.141265
1022.506044
1022.507328
1023.418712
1023.541606
1023.612321
1023.916928
1024.025421
1024.285783
1024.463831
1026.337816
1026.375951
1026.569580
1026.947303
1027.078258
1027.301849
1028.160009
1028.428066
1028.686435
1028.851733
1029.776728
1029.925810
1030.151923
1030.553675
1030.692593
1030.708598
1031.332132
1031.394946
1031.470245
1031.763370
1031.869631
1031.899823
1031.905575
1031.998920
1032.694772
1033.150468
1033.811785
1034.323558
1034.536760
1034.677288
1035.198606
1035.270947
1035.935551
1038.253882
1038.589669
1040.074585
1040.298551
1040.375101
1041.603847
1042.014194
1042.693127
1043.039851
1043.485351
1043.554713
1043.986153
1045.521216
1045.591693
1045.867162
1046.647995
1046.697134
1047.355031
1047.529329
1048.099200
1048.319141
1048.529435
1048.573388
1049.269180
1049.480766
1050.822272
1050.899108
1051.003456
1051.214424
1051.829463
1053.243638
1053.616371
1055.056931
1055.316724
1056.610065
1056.986284
1057.245950
1057.381629
1057.587788
1057.981157
1057.988482
1058.162926
1058.313103
1058.456803
1058.840616
1059.145200
1059.146825
1059.392177
1059.615145
1059.678279
1059.967192
1060.462135
1060.573586
1060.820720
1060.952270
1061.302431
1061.605739
1061.916331
1062.336555
1063.560319
1064.059553
1064.244743
1064.306119
1064.351461
1064.351491
1064.469587
1064.632201
1065.230136
1065.453586
1066.069182
1066.854863
1066.908020
1067.400645
1067.496844
1067.858824
1068.610996
1068.717138
1069.177307
1069.262066
1069.291105
1069.779094
1069.840740
1070.057323
1070.529514
1071.405256
1072.373479
1072.942732
1072.945899
1072.993985
1073.437393
1073.471397
1074.431452
1074.508274
1074.776272
1076.989785
1077.187018
1078.131223
1079.001439
1079.573667
1080.015242
1080.185374
1080.412013
1081.381559
1081.536228
1081.617529
1082.155987
1082.548352
1083.393465
1083.613140
1083.842906
1084.090235
1084.339041
1084.672407
1084.753781
1085.160241
1085.345851
1085.590255
1085.743689
1085.787735
1086.906901
1087.008887
1087.408841
1088.166902
1088.477051
1088.765942
1089.202583
1090.684666
1090.850302
1091.258150
1091.356502
1091.919322
1092.505110
1092.568274
1092.579771
1092.739041
1093.046772
1094.372779
1094.407844
1094.903442
1095.508051
1095.524298
1095.882578
1095.971244
1096.468108
1096.603400
1097.719831
1097.979942
1098.503501
1098.829580
1099.018319
1099.545337
1099.721122
1099.751817
1099.922552
1100.435247
1100.632791
1101.042068
1102.089722
1102.575053
1102.812197
1103.252194
1103.316764
1103.434011
1103.733728
1104.799353
1104.804802
1105.315617
1105.419596
1105.836185
1105.902326
1106.222134
1106.322803
1106.985802
1107.946808
1108.491012
1108.709861
1108.731197
1108.975751
1109.092094
1109.167963
1109.265451
1110.603174
1111.653505
1112.209175
1112.628991
1113.039444
1114.091878
1114.423495
1114.484477
1114.949646
1115.395142
1115.409538
1116.012380
1116.425760
1116.448719
1116.510102
1116.914724
1117.638662
1117.701605
1118.026485
1119.201079
1119.388306
1119.636655
1119.886425
1120.618078
1121.390562
1121.945314
1123.268137
1123.686756
1123.746424
1123.763701
1124.548512
1125.217044
1125.426040
1125.475801
1125.956551
1125.980549
1126.053329
1126.137210
1126.423110
1127.012198
1129.092656
1129.154482
1129.271409
1129.813774
1130.613290
1131.599969
1132.260899
1132.378604
1132.504207
1133.904213
1134.684910
1134.862315
1134.904274
1135.933512
1136.095280
1136.848099
1136.871843
1136.903986
1137.217751
1138.276906
1138.663064
1139.252701
1139.506555
1140.221299
1142.892888
1143.222436
1143.308969
1143.318817
1143.396244
1143.480959
1144.067234
1144.146086
1144.490274
1144.594253
1144.654733
1144.813377
1145.088285
1145.764997
1145.841471
1145.874905
1146.206569
1146.531592
1146.686480
1146.691328
1147.726890
1147.834456
1147.909970
1148.037000
1148.479489
1148.752868
1149.127684
1149.248926
1149.366177
1149.544493
1149.656368
1150.289282
1150.291150
1150.683198
1150.701067
1150.757188
1151.027205
1151.287599
1151.398369
1151.452707
1151.648142
1151.778280
1152.288640
1152.376676
1152.885938
1153.078834
1153.997807
1154.577456
1154.611080
1155.305511
1156.386259
1156.950432
1157.369382
1158.391416
1159.441727
1159.955807
1160.027368
1160.298226
1163.403565
1163.777082
1163.972589
1165.738530
1165.871232
1167.060933
1167.454528
1167.714914
1167.998238
1168.002377
1168.020319
1168.062239
1168.130878
1168.229183
1168.308947
1168.362014
1168.400299
1168.944677
1169.412791
1169.653320
1169.712112
1169.906255
1171.010218
1171.813273
1171.993014
1172.036788
1172.263269
1172.296229
1173.240599
1173.696566
1174.171582
1176.181451
1177.067788
1177.336120
1177.766741
1178.486296
1178.492033
1178.876446
1179.275165
1179.421850
1180.001066
1180.768022
1181.168697
1181.415595
1182.043083
1182.099587
1182.436135
1182.996982
1183.282071
1183.408297
1183.623332
1183.953792
1184.196155
1184.397511
1184.517877
1184.945428
1185.324090
1185.438987
1185.713645
1185.737144
1186.122408
1186.444039
1187.075596
1187.361275
1187.531103
1187.823567
1189.396776
1189.920499
1190.168591
1190.544761
1190.769454
1190.836381
1190.901691
1191.884550
1193.222971
1193.564360
1193.587354
1193.674832
1194.891109
1195.190985
1195.247454
1195.432593
1196.302500
1196.887357
1196.955272
1197.353921
1198.331775
1198.728502
1198.761441
1198.835099
1198.931720
1198.973956
1199.236856
1199.320977
1199.889084
1200.395656
1200.934392
1201.748623
1202.290604
1203.022056
1203.178301
1203.404012
1203.440090
1203.447068
1203.941104
1204.304653
1204.527096
1204.948271
1205.131595
1205.181366
1205.963214
1206.794475
1206.906664
1207.350405
1207.861100
1207.962506
1207.992634
1208.052998
1208.435267
1208.467953
1208.694015
1209.561669
1210.298743
1210.726824
1210.735193
1210.879465
1211.640575
1211.817250
1211.863977
1212.521967
1212.719753
1212.925545
1213.526889
1214.077577
1214.592433
1215.029820
1215.716185
1215.884374
1215.957737
1217.345808
1218.061942
1218.502623
1218.634361
1218.744290
1219.479391
1219.669176
1220.089661
1220.796919
1221.153291
1221.836568
1222.498207
1222.615603
1223.477593
1223.532573
1223.587314
1223.720818
1224.016429
1224.126854
1224.985674
1225.528582
1225.554308
1225.650122
1225.705016
1226.083508
1227.259037
1228.290915
1228.316526
1228.723141
1229.281472
1229.305508
1230.081664
1230.298120
1230.598940
1230.877041
1231.028111
1231.493387
1231.938298
1233.710769
1233.730066
1233.847293
1234.053548
1234.306122
1234.866467
1234.867542
1235.016974
1235.266682
1236.665323
1237.339274
1238.915319
1239.202214
1240.327976
1240.334799
1240.591903
1240.679397
1241.407228
1241.543845
1242.005785
1242.893993
1243.095011
1243.697993
1244.154056
1244.345594
1244.703329
1244.868037
1245.059988
1245.716528
1246.344039
1246.732625
1246.843254
1247.167469
1247.621112
1247.654898
1250.049858
1250.218498
1251.629804
1252.066602
1252.103471
1252.478299
1252.625632
1252.783682
1252.948192
1253.106768
1253.285412
1253.836475
1254.451346
1254.829114
1254.922521
1255.074220
1255.164684
1255.694054
1255.905817
1256.169615
1257.337933
1257.383781
1258.137439
1258.275423
1258.490346
1258.791675
1259.255947
1259.332231
1259.434587
1259.693791
1259.940769
1260.749727
1260.897921
1261.097217
1261.127344
1261.653174
1261.922308
1262.140070
1262.496756
1263.375466
1263.617498
1263.876122
1264.976464
1265.215895
1266.433688
1266.602423
1266.842868
1267.149255
1268.201943
1268.268210
1268.541346
1268.648326
1268.999612
1269.235231
1269.515525
1269.556857
1269.742536
1270.351944
1270.820281
1271.087820
1271.238210
1271.670948
1272.010426
1272.061041
1272.669828
1272.798086
1273.260538
1273.402395
1274.553665
1274.601170
1274.764170
1275.028948
1275.148795
1275.496187
1275.662235
1277.038592
1277.073698
1277.233374
1277.653089
1277.774398
1278.125567
1278.448962
1279.072933
1279.831078
1280.120862
1280.211191
1280.265617
1280.835911
1281.471538
1281.498278
1281.572770
1282.380299
1282.727394
1283.543028
1283.742873
1284.123167
1285.289935
1285.508780
1285.609644
1285.833299
1286.217276
1287.915350
1288.016762
1288.231301
1288.290066
1288.384293
1288.490322
1288.675022
1290.411340
1290.761548
1291.296962
1291.298508
1292.007212
1292.007975
1292.159786
1292.362545
1293.103435
1294.336986
1294.618487
1295.130927
1295.167029
1295.398137
1295.422571
1297.258045
1298.031196
1298.265997
1298.360518
1298.545620
1299.076742
1299.622591
1299.882062
1299.987445
1300.159573
1300.193510
1300.373002
1300.565732
1300.634009
1302.803173
1302.822756
1303.055130
1303.114558
1303.270580
1303.815091
1304.072038
1305.431577
1305.728576
1306.039334
1306.175500
1307.034578
1307.564392
1308.531829
1309.471807
1310.960772
1311.042017
1311.652457
1311.852625
1312.953276
1313.093566
1313.827653
1314.305939
1314.694715
1315.083917
1315.531698
1315.660808
1316.708827
1316.856479
1317.632169
1318.094511
1319.415396
1319.760195
1320.298444
1320.307401
1320.598658
1320.923210
1322.049947
1322.260863
1322.408866
1322.476688
1323.028648
1323.158740
1323.761731
1323.815526
1323.959011
1324.507179
1325.161762
1325.631050
1326.865213
1327.376149
1327.920984
1328.170421
1328.610963
1328.734936
1329.689477
1330.580904
1330.657150
1330.776074
1331.094296
1331.530146
1331.562662
1332.502993
1333.104188
1333.129464
1333.282584
1333.305221
1335.033998
1335.737277
1335.885005
1337.510972
1337.782896
1337.952503
1338.198458
1338.386053
1338.614170
1338.640589
1338.904346
1338.980454
1341.027762
1341.131907
1341.145544
1341.268001
1341.793416
1341.965579
1342.563422
1342.623760
1342.640327
1342.641574
1343.014258
1343.614574
1343.705923
1343.977362
1344.449997
1345.028939
1345.150831
1345.303418
1345.435607
1345.510776
1345.742790
1345.980260
1345.993528
1346.149477
1346.191402
1346.367563
1346.609885
1346.713700
1347.591813
1347.665906
1347.784140
1348.039454
1348.484106
1348.575262
1350.134159
1350.409647
1350.416517
1350.717547
1350.985176
1351.112670
1352.341686
1352.858608
1352.909799
1353.061738
1353.982770
1354.459955
1354.466794
1354.476551
1354.653207
1354.665009
1354.684996
1354.929905
1355.493704
1355.626606
1355.670595
1355.786081
1355.965258
1356.189740
1356.212058
1356.559324
1357.060428
1358.418422
1358.464379
1358.583742
1358.990046
1359.198814
1359.752408
1359.847503
1360.248245
1360.811772
1362.803446
1363.196527
1363.706589
1363.769600
1364.001329
1364.741777
1365.101044
1365.359121
1365.554809
1366.387617
1366.654861
1367.016596
1367.100690
1367.303740
1367.558974
1367.629096
1368.817070
1368.833439
1369.016793
1369.639728
1369.951330
1371.498870
1372.657902
1373.068327
1373.402812
1373.827336
1374.058329
1374.116370
1374.120188
1374.142089
1374.480802
1374.802105
1375.042251
1375.545725
1375.576433
1376.032332
1376.095755
1376.248336
1376.271265
1376.373784
1377.159233
1377.213931
1377.259700
1379.462370
1380.983132
1381.101160
1382.511376
1383.192562
1383.685757
1383.705728
1383.711942
1383.753783
1383.854366
1384.281482
1384.489042
1385.108234
1385.403446
1386.444668
1386.480664
1386.526178
1386.997637
1387.383204
1388.373117
1388.436923
1388.609613
1388.854932
1388.950212
1390.090921
1390.122014
1390.708445
1391.861793
1392.541971
1393.106018
1393.543236
1393.649968
1393.999885
1394.027439
1394.251621
1394.843294
1395.002267
1395.722470
1396.362115
1398.538483
1398.742476
1398.928468
1399.183212
1399.289093
1399.306880
1399.841582
1400.024586
1400.242879
1400.565656
1401.523534
1401.590375
1401.681741
1401.850976
1402.382617
1403.432457
1403.603124
1404.045611
1404.154087
1404.537713
1404.695083
1405.255328
1405.815066
1405.828298
1406.417372
1406.749389
1407.281271
1407.325000
1407.738039
1408.051846
1409.366334
1410.452424
1410.535786
1411.196998
1411.350972
1411.720575
1412.021114
1412.320483
1412.589681
1413.014337
1413.086442
1413.386274
1413.507588
1413.534222
1413.564791
1413.626168
1413.857669
1413.909298
1414.070737
1414.159166
1414.478085
1415.415937
1415.467451
1415.899289
1416.240840
1416.991724
1417.961427
1417.963218
1418.078465
1418.186837
1418.335374
1418.425129
1419.584169
1419.635806
1419.895056
1420.024389
1421.201357
1422.364075
1423.328263
1423.492451
1423.662691
1423.705586
1426.496403
1426.687367
1427.630685
1427.726086
1427.757446
1428.015747
1428.629865
1428.678435
1429.076693
1430.599726
1430.926733
1430.969807
1431.536365
1431.727375
1432.439803
1433.028569
1433.152724
1433.350389
1433.581583
1434.707274
1434.936392
1435.193378
1435.325966
1436.054326
1436.928018
1436.948874
1437.030697
1437.202271
1438.022444
1438.067355
1438.113411
1438.433339
1438.554147
1439.027162
1439.230835
1439.240586
1439.846671
1441.542572
1441.718828
1442.208713
1443.043334
1443.695313
1443.765862
1443.805118
1444.068145
1445.512946
1445.753919
1445.783285
1445.873379
1446.089864
1446.821912
1447.037972
1447.098301
1448.208695
1448.476055
1449.891136
1450.120384
1450.192402
1450.962119
1451.739505
1451.997780
1453.541311
1454.358154
1454.404999
1454.604965
1454.704842
1455.031519
1455.473671
1455.565360
1455.677581
1456.337001
1456.418284
1456.470785
1456.699022
1456.738755
1457.583281
1457.885466
1458.414113
1459.028533
1459.118654
1459.535603
1460.141961
1460.378212
1460.784497
1461.189610
1462.005670
1463.822684
1463.951029
1464.502653
1465.157313
1465.833604
1465.871679
1465.961439
1466.043368
1466.067426
1466.205115
1466.522700
1466.581806
1466.734855
1466.990645
1467.422581
1468.231609
1468.332592
1469.033699
1469.066448
1469.314633
1469.557110
1469.568100
1469.674797
1469.747498
1470.192865
1470.196285
1471.169709
1471.188205
1471.193431
1472.234532
1472.926910
1473.002044
1473.564093
1473.764514
1474.347593
1474.410442
1475.125088
1475.814050
1475.822949
1477.072728
1477.269899
1477.583447
1478.275207
1478.352760
1479.565128
1480.765979
1481.032662
1481.063430
1481.446508
1481.768717
1481.846600
1483.366375
1483.940529
1483.982426
1484.183129
1484.216794
1485.003886
1487.054194
1487.253656
1487.593813
1487.612589
1489.004117
1489.091055
1489.646626
1489.903494
1489.931586
1489.992406
1490.046273
1490.104963
1490.141036
1490.153435
1490.182837
1490.310490
1491.368558
1491.492706
1491.683473
1492.011742
1492.279186
1492.509192
1492.997576
1493.400623
1493.976846
1494.235834
1494.272118
1494.509631
1494.716757
1496.105962
1496.299888
1496.555636
1496.598093
1497.078673
1497.150592
1497.168579
1497.181220
1497.216243
1497.841421
1498.324807
1498.426821
1498.756633
1499.562569
1500.684587
1500.897523
1501.060215
1501.110683
1501.132565
1501.161807
1501.339159
1501.981943
1502.099597
1502.243954
1502.616366
1502.790130
1503.375614
1503.533028
1503.679117
1504.162342
1504.634410
1504.861047
1504.868956
1505.188677
1505.333151
1505.484300
1505.672649
1506.389480
1506.598081
1507.776052
1508.180409
1508.422694
1509.164204
1509.639101
1509.917552
1509.978613
1511.048646
1511.590029
1512.553634
1512.741645
1513.076721
1514.070053
1515.017679
1515.717938
1515.922116
1516.524681
1516.895765
1517.214472
1517.353184
1517.960198
1518.045170
1518.100453
1518.409398
1518.552431
1519.127251
1519.389341
1519.739399
1520.025467
1520.175910
1520.200328
1520.218830
1520.817317
1521.166251
1521.552702
1521.564995
1521.653213
1522.094867
1522.310833
1522.534236
1523.316738
1523.593883
1523.610654
1523.977540
1524.019909
1524.712753
1525.130028
1525.291011
1525.647018
1525.883374
1526.022026
1526.928489
1527.592585
1529.004397
1529.753864
1529.901890
1530.592095
1530.993941
1531.324780
1531.894368
1531.968664
1532.139682
1532.155867
1533.268659
1534.049432
1534.179896
1534.346967
1534.361375
1534.451497
1534.754659
1535.350271
1536.322534
1536.652727
1537.040603
1537.636741
1537.942401
1537.981528
1538.142625
1539.000925
1539.486637
1539.952355
1540.609637
1540.804498
1541.128897
1541.251196
1541.314083
1541.481929
1541.571154
1542.343431
1543.997772
1544.073156
1544.347715
1544.568498
1544.733921
1545.192054
1545.444881
1545.796968
1545.993820
1546.447968
1546.481798
1546.725157
1547.801753
1547.828311
1548.790512
1549.385890
1549.748408
1550.067497
1550.097760
1550.293044
1550.586624
1550.844286
1550.976987
1552.510062
1552.746678
1552.846462
1552.849628
1552.898274
1553.164451
1553.329265
1553.507344
1555.226357
1555.376353
1555.792580
1556.281330
1556.465616
1558.024143
1558.129162
1559.269098
1559.470308
1559.733389
1559.878821
1560.241974
1560.366031
1560.413238
1560.697692
1561.024561
1562.395801
1562.894258
1563.010060
1563.112506
1563.938669
1565.356012
1565.733414
1565.869020
1565.983616
1566.472570
1566.823273
1567.168022
1567.292912
1567.436038
1567.468469
1567.585177
1567.845920
1567.944161
1568.145504
1568.722010
1568.913360
1568.943047
1568.979452
1569.036040
1569.630729
1569.645824
1569.950362
1570.890880
1571.795606
1572.018140
1572.468902
1573.443384
1573.496279
1573.916211
1574.372312
1575.431707
1576.319150
1576.375142
1576.388490
1576.506758
1576.618424
1577.100223
1577.749712
1577.785256
1578.459783
1578.632096
1579.062210
1581.737390
1582.170068
1582.355442
1583.418382
1584.145410
1584.221313
1584.521627
1584.696349
1585.535428
1586.030227
1586.241462
1586.732471
1586.992637
1587.105846
1587.159076
1587.388171
1587.413705
1588.112361
1588.210475
1588.437315
1588.853965
1589.494274
1589.963777
1590.372020
1590.657219
1590.839855
1590.957841
1590.967735
1591.062307
1591.391428
1591.986982
1592.110597
1592.523119
1592.535807
1592.698312
1592.870651
1593.311699
1594.057779
1594.436732
1594.718862
1594.787254
1594.854061
1595.642752
1595.784865
1595.785241
1596.085415
1596.379962
1596.412653
1596.933964
1597.023572
1597.540304
1597.568982
1597.733136
1598.451790
1598.496749
1598.553394
1599.046720
1599.446889
1599.531255
1600.823075
1600.840245
1601.119508
1601.853539
1603.375369
1604.652236
1605.298936
1605.541747
1606.007430
1606.123805
1607.014116
1607.691851
1608.618163
1609.067250
1609.406610
1609.836008
1610.398249
1610.999289
1611.312387
1611.471190
1611.922537
1612.093642
1612.170773
1612.243867
1613.174663
1613.527375
1613.560945
1613.668150
1613.932570
1614.041714
1615.139129
1615.934886
1616.664016
1616.803562
1617.817125
1617.849592
1617.990296
1618.016738
1618.339089
1618.404977
1618.594379
1618.911309
1618.970910
1619.028415
1620.092648
1621.594954
1621.773478
1621.789648
1622.624580
1623.288907
1623.353540
1624.681565
1625.790734
1626.959692
1627.629279
1627.696196
1627.881406
1628.128628
1628.155712
1629.245620
1630.890811
1631.958508
1632.063143
1632.143858
1632.295581
1633.348011
1633.372149
1633.592558
1635.097329
1635.559161
1635.940608
1635.990645
1636.297886
1636.403400
1637.085769
1637.905144
1638.028349
1638.117055
1638.160184
1638.587875
1638.871810
1638.872515
1639.370408
1639.478735
1639.755033
1639.955543
1640.627203
1640.730240
1642.881199
1643.642901
1643.688451
1643.872686
1644.299764
1644.365980
1644.799387
1645.241813
1645.251348
1645.259027
1647.110343
1647.209679
1647.956668
1648.418515
1648.919564
1648.939390
1649.961678
1650.012862
1650.336644
1652.122434
1652.352188
1652.620704
1653.492347
1653.519946
1654.712975
1655.167761
1655.974794
1656.013895
1656.555091
1657.158434
1657.308512
1657.368377
1657.453338
1657.656216
1658.328345
1658.666226
1659.320994
1659.441992
1660.193153
1660.448750
1660.688670
1660.812640
1661.022215
1662.121406
1662.314130
1662.482213
1663.017245
1663.116239
1663.470467
1664.281687
1665.649292
1666.459514
1666.688180
1667.177676
1667.813730
1668.171878
1668.472449
1668.622963
1668.747291
1668.879134
1669.466256
1670.166681
1670.591474
1670.894999
1671.050175
1673.349609
1673.512924
1674.224304
1674.471234
1675.174734
1675.753536
1675.892327
1676.212318
1676.744795
1678.403726
1678.490312
1678.775793
1678.920249
1678.945317
1679.259138
1679.320133
1679.746770
1680.487021
1681.290007
1681.573234
1681.597656
1681.857127
1682.658339
1682.689657
1683.047939
1683.195351
1683.287206
1683.826751
1685.126688
1686.316192
1686.338421
1686.899217
1686.966561
1687.381166
1687.417889
1688.513131
1688.745524
1689.606093
1689.666408
1690.185002
1690.304545
1691.536412
1691.716168
1691.773742
1692.625860
1692.697767
1693.004378
1693.601247
1694.131899
1694.286201
1694.366782
1694.962988
1695.484411
1696.465622
1696.883925
1697.050983
1697.765287
1698.183671
1698.328989
1698.552354
1698.770103
1698.961246
1699.256135
1699.354035
1699.504851
1699.757885
1700.008596
1700.068490
1700.397743
1700.517997
1700.764923
1700.791705
1701.336856
1701.867675
1701.936141
1702.255628
1703.361173
1703.412730
1703.729404
1703.731097
1704.352859
1704.457707
1705.250294
1705.260562
1705.278834
1705.475592
1705.502680
1705.813284
1705.972051
1706.194735
1706.370252
1707.944035
1708.939659
1709.124778
1709.253983
1709.401164
1710.306457
1710.502691
1710.688486
1710.697496
1710.907493
1711.024690
1711.362972
1712.045367
1712.637743
1713.007770
1713.208132
1715.513760
1715.800675
1715.890972
1715.894127
1716.201749
1716.843864
1717.076803
1717.158617
1717.375762
1717.892091
1717.925159
1718.551363
1718.808796
1719.013448
1719.487271
1720.712705
1721.489714
1722.055376
1722.058307
1722.561760
1723.288224
1723.337146
1724.006977
1724.340264
1724.373151
1724.469338
1724.522328
1724.902440
1724.959242
1725.376417
1725.822475
1726.200560
1726.502708
1726.796246
1728.278803
1730.093451
1731.632407
1731.673364
1731.889588
1732.523332
1732.850091
1734.345597
1734.388578
1734.640890
1734.738815
1735.836048
1736.252201
1736.559685
1736.573475
1737.138782
1737.614380
1738.268037
1738.275179
1739.350503
1739.395983
1739.436668
1739.881057
1740.506249
1741.363452
1741.560092
1742.269300
1743.228249
1743.377308
1743.393818
1743.420670
1743.744746
1743.836313
1744.981331
1745.161372
1745.247368
1745.327917
1745.740119
1746.081376
1746.157393
1746.216318
1746.259247
1746.353779
1747.030622
1747.117929
1747.210064
1747.935279
1748.339983
1748.790227
1749.188789
1749.362727
1749.378849
1749.850677
1750.378474
1750.450833
1750.534108
1750.561331
1751.059273
1751.584601
1751.739116
1751.747644
1751.964916
1753.257106
1753.785248
1754.256214
1754.539476
1754.702769
1755.867299
1756.968237
1757.284448
1757.565277
1757.660296
1757.907142
1758.449665
1758.486941
1758.487157
1758.731722
1758.969026
1758.978200
1759.195279
1759.239068
1759.321772
1759.670291
1759.671978
1761.122853
1761.437016
1761.569701
1761.668026
1761.810203
1762.157446
1762.630653
1763.587922
1763.656253
1763.789640
1763.884746
1764.468099
1764.783606
1764.807097
1764.948242
1765.461559
1765.462277
1766.126702
1766.240536
1766.854123
1767.142509
1767.382922
1767.505183
1768.000258
1768.531370
1768.616779
1769.067373
1769.080769
1769.408196
1769.559258
1770.285319
1770.320782
1770.706823
1770.841906
1771.024092
1771.143477
1771.158632
1771.197669
1771.472052
1771.486014
1771.844390
1772.608362
1772.840031
1773.099438
1773.392447
1773.493010
1773.719552
1774.002915
1774.087453
1775.169339
1775.697199
1777.008302
1777.319319
1777.444807
1777.955800
1778.042013
1778.365339
1778.624614
1778.987356
1779.098794
1779.544953
1781.109542
1781.362160
1781.819392
1781.913350
1782.224910
1782.469523
1784.214113
1785.329902
1785.591812
1785.678880
1785.721589
1785.771255
1786.553894
1786.934847
1787.115184
1787.246114
1787.540287
1787.551885
1787.746917
1788.395265
1788.548265
1789.087650
1789.199027
1789.681834
1789.881467
1790.658798
1790.791100
1790.803520
1791.002823
1791.417266
1791.735123
1792.050040
1793.210241
1793.614749
1793.777040
1793.912402
1793.942157
1794.553895
1794.565229
1794.863730
1795.709983
1797.292941
1797.890217
1798.012939
1798.165058
1798.172443
1798.502575
1800.910901
1801.079011
1801.267763
1802.545272
1802.816340
1803.401864
1804.274243
1804.432295
1804.811575
1804.923510
1805.119400
1805.127731
1805.438285
1805.788966
1806.159624
1806.163334
1806.531068
1806.758278
1807.419215
1808.117150
1808.721577
1809.370984
1809.818033
1810.118981
1810.761609
1811.331654
1811.479110
1811.623430
1812.065418
1812.118152
1812.265753
1812.528644
1812.839410
1813.530312
1813.942658
1814.090009
1814.538835
1814.627127
1814.644934
1814.865955
1817.690211
1818.108286
1818.291957
1818.530722
1818.633691
1819.423530
1820.262680
1820.386016
1820.591523
1821.917300
1822.743732
1822.846903
1823.141539
1824.658147
1825.524016
1825.842558
1825.858222
1825.982185
1826.731345
1826.955751
1827.488742
1827.728964
1828.246818
1828.822426
1828.831217
1829.802253
1829.818173
1829.921137
1829.942096
1830.033959
1830.139176
1830.709845
1831.759406
1832.435338
1832.901817
1833.018797
1833.741430
1833.963649
1834.375343
1834.607129
1834.685374
1835.185242
1835.737235
1836.002988
1836.183996
1836.377494
1836.895965
1838.611886
1839.437857
1839.747566
1840.175374
1840.609810
1840.858894
1840.983020
1841.599352
1842.000750
1842.350445
1842.385627
1842.739049
1842.770484
1842.856276
1843.060167
1843.110116
1843.155775
1843.365523
1843.868385
1843.992009
1844.189348
1844.321031
1844.490598
1844.935419
1845.090719
1845.218377
1845.238724
1845.625659
1845.710734
1845.791758
1846.124729
1846.867691
1847.564356
1847.697885
1847.784855
1847.864182
1848.365511
1848.548672
1849.377264
1849.386604
1849.738758
1849.805747
1850.587982
1851.294765
1851.389690
1851.515445
1851.897815
1852.017339
1852.182689
1852.230589
1852.260542
1852.465529
1852.622626
1853.045210
1853.437796
1853.525226
1853.570086
1854.837940
1855.090131
1856.083219
1856.118104
1856.336433
1856.443272
1857.052042
1857.449793
1857.755328
1857.996429
1858.123611
1858.366739
1858.572828
1858.618228
1859.992558
1860.183836
1860.226312
1860.902510
1861.046680
1861.485995
1862.236855
1862.593286
1863.603878
1863.610276
1864.260926
1864.634946
1864.893484
1864.962928
1865.762051
1866.639422
1866.862119
1867.210247
1867.438523
1868.719590
1868.819355
1869.091039
1869.263220
1872.757714
1872.903000
1873.052562
1873.078004
1873.284684
1873.662511
1874.454208
1874.544396
1874.577093
1874.707148
1874.707347
1874.739512
1874.954490
1875.077670
1875.876291
1876.267628
1876.321861
1876.651669
1877.222249
1877.575099
1878.562701
1878.760470
1879.009849
1879.216644
1879.449350
1879.695450
1879.737658
1880.074654
1880.183352
1881.073524
1881.334768
1881.706126
1882.776575
1882.978501
1883.073338
1884.788863
1884.885170
1885.264770
1885.694397
1885.907789
1885.936154
1886.556741
1887.854586
1887.944523
1888.197565
1888.409541
1888.716152
1888.804119
1889.920713
1889.948354
1890.804430
1891.123791
1891.306372
1891.808137
1892.694603
1892.847666
1892.943600
1893.696147
1893.705114
1895.006942
1895.058880
1895.960805
1896.005488
1896.006977
1896.524032
1896.934432
1897.750728
1897.830208
1897.878014
1898.578775
1898.670214
1898.755860
1899.011201
1899.201313
1899.306806
1900.129348
1900.496589
1900.547099
1900.983439
1901.188569
1901.239256
1901.563685
1901.848761
1902.111516
1902.420186
1902.633980
1902.863255
1903.232838
1903.353208
1903.509542
1903.533573
1904.043727
1905.255631
1905.275537
1905.355894
1906.185007
1906.291012
1907.129073
1907.352422
1907.607670
1907.695630
1908.138296
1908.467104
1909.375565
1909.430837
1909.445332
1909.485944
1909.515074
1910.254947
1911.235671
1911.636028
1911.735228
1911.878562
1912.375625
1912.726195
1913.367212
1914.511405
1915.087241
1915.556011
1916.060977
1916.767859
1917.068250
1917.240982
1917.667473
1918.289496
1919.058363
1919.067418
1919.455938
1919.547721
1920.545658
1920.973563
1921.031681
1921.070010
1921.420632
1921.577017
1921.723212
1921.939535
1922.164794
1923.465267
1923.810033
1923.815130
1923.849390
1923.996947
1924.018105
1924.102196
1924.132486
1924.329295
1924.344764
1924.802161
1925.131032
1925.432865
1925.833133
1926.617281
1927.172621
1927.869594
1928.526776
1928.527669
1928.722520
1928.925081
1929.546394
1929.809311
1930.720844
1931.565712
1931.610528
1932.048642
1932.273145
1933.782856
1935.521842
1935.537078
1935.549759
1935.806149
1936.556485
1936.711665
1936.757687
1936.772369
1937.214064
1937.512638
1938.345492
1939.449090
1939.877426
1940.160742
1940.174165
1940.471088
1941.714351
1942.093853
1942.677949
1942.900406
1943.929251
1944.157683
1944.266325
1944.747658
1945.686854
1945.817009
1946.054815
1946.987295
1947.666719
1948.360256
1948.689156
1949.374542
1949.382645
1950.082871
1950.119545
1950.384973
1950.499274
1950.673142
1950.755162
1950.999081
1951.070849
1951.590032
1951.991026
1952.457525
1952.582192
1952.730094
1953.145864
1953.569989
1954.044558
1954.146044
1954.166157
1954.471291
1955.109421
1956.013178
1956.121419
1956.351889
1956.359737
1956.889416
1957.623910
1958.773019
1959.101455
1959.378661
1961.100808
1961.715540
1962.022782
1962.372336
1962.852027
1963.658259
1965.477554
1965.687337
1966.275431
1966.502970
1966.542798
1966.758634
1967.678393
1967.757652
1969.083328
1970.141992
1970.472711
1970.701965
1971.205897
1971.398416
1971.565311
1971.660406
1971.933046
1972.375178
1972.624523
1972.874331
1972.924072
1973.191169
1973.711064
1974.068479
1974.128572
1974.438788
1975.352200
1975.457656
1975.639287
1976.244976
1976.506010
1976.610654
1976.931041
1977.064606
1977.461770
1977.663204
1977.700085
1978.349898
1978.359755
1979.550769
1979.716965
1980.246312
1980.357123
1980.659337
1981.056971
1981.087268
1981.091211
1981.671907
1981.827421
1982.545005
1982.764021
1983.008526
1983.225980
1983.419731
1985.090944
1985.226537
1985.301814
1985.371094
1985.620335
1985.765362
1986.165837
1986.234812
1986.642983
1987.299673
1987.481512
1987.872313
1988.001501
1988.167955
1988.230476
1988.977445
1989.084416
1989.105372
1989.415571
1989.511709
1990.250367
1990.685181
1990.748721
1991.778852
1991.979522
1992.050597
1992.173915
1993.678133
1995.334612
1996.291988
1997.352123
1997.845846
1997.914579
1998.380962
1998.838770
1999.855910
