1218.634361
316.468865
1225.554308
37.604449
304.199240
1846.124729
1911.235671
749.896060
1956.121419
1221.836568
413.598958
1146.531592
258.148794
850.193913
251.860864
715.950758
1940.471088
1157.369382
980.322468
1451.997780
222.095125
189.873498
889.933259
409.520812
1285.508780
1867.438523
1174.171582
1026.337816
1481.446508
724.077589
1030.708598
996.865380
857.256264
196.811297
1027.301849
1541.314083
672.722743
1978.359755
641.605454
1465.871679
1008.482909
1712.637743
891.536207
884.898663
1094.372779
1766.126702
31.431435
253.861873
366.550163
72.929275
528.889266
701.314423
72.486126
1393.649968
931.538539
242.314371
1873.052562
978.983383
1700.517997
1578.632096
1599.531255
1693.601247
1320.598658
1759.321772
1282.727394
1895.058880
773.551094
607.530421
257.589886
195.059575
901.927545
1401.523534
1233.847293
66.376406
1594.854061
1160.298226
1100.632791
48.519015
1082.548352
265.601605
1059.967192
1208.694015
1885.907789
642.924885
799.815073
1687.381166
1620.092648
1773.719552
988.164636
1113.039444
307.313874
917.177078
1035.198606
670.184209
166.250478
1195.190985
478.280453
103.717938
989.048786
725.569144
485.190465
1063.560319
567.228154
183.427964
897.218969
241.833858
1546.725157
1218.061942
392.152620
1560.697692
1194.891109
1669.466256
1662.482213
1024.025421
1489.091055
38.598959
353.345284
1992.050597
201.634362
325.115733
1364.741777
873.797197
1051.214424
1937.512638
1552.510062
970.263311
1354.466794
812.207373
1644.799387
935.296732
930.030754
1759.671978
1617.849592
1517.353184
1271.670948
1350.409647
85.551586
1711.362972
1439.230835
1024.285783
1102.812197
999.269458
49.990381
547.889164
928.073240
1093.046772
1778.365339
1703.412730
1621.594954
765.022641
30.758294
583.902368
65.715557
1710.306457
607.519913
1850.587982
627.389142
1965.477554
911.458443
1678.920249
1099.545337
1845.090719
592.968971
1050.899108
1795.709983
799.451548
1986.234812
91.963791
1319.760195
1453.541311
1150.757188
954.418407
608.012757
369.996190
1312.953276
741.456171
310.598191
1450.192402
967.054727
1233.710769
1843.992009
1266.602423
1549.748408
1594.718862
895.502552
264.114916
1552.746678
256.916594
1825.982185
6.291519
1008.207849
1898.670214
1131.599969
1971.398416
1068.717138
321.627360
1466.205115
557.267730
231.712526
1749.362727
1116.448719
197.772758
846.717939
1401.850976
1517.960198
109.091479
1827.728964
675.486822
829.288455
1773.099438
1415.415937
1726.200560
1475.814050
495.105638
414.133445
1985.620335
1337.510972
862.002708
1149.127684
1167.714914
1517.214472
1012.895852
505.456050
98.477259
1836.183996
1793.614749
1074.431452
1303.055130
920.232041
916.390188
840.746656
800.428081
1573.443384
1785.591812
1976.506010
874.141278
1962.852027
1471.188205
1489.004117
1876.651669
989.511164
1911.636028
173.220595
1193.222971
1207.992634
449.373446
1645.259027
85.571340
1831.759406
1014.155161
1465.833604
92.642258
1975.457656
241.632340
1228.290915
71.685611
340.100946
485.114871
1985.765362
1895.006942
1182.043083
941.530839
1525.647018
277.101065
79.680338
1921.420632
1717.076803
357.224032
382.833173
1864.893484
178.667717
381.864763
337.141155
1414.478085
1491.368558
470.578848
514.440201
666.033811
1163.972589
77.165951
1464.502653
605.849875
1951.070849
815.603493
1905.255631
1085.345851
417.089841
1756.968237
1335.033998
369.228180
458.668439
324.304158
3.189771
219.422115
1568.979452
1584.521627
69.174066
1360.811772
1430.969807
299.099966
516.718640
762.967402
1635.559161
614.034498
1828.822426
1586.992637
1355.786081
841.543962
1724.340264
417.270085
1244.345594
98.178645
696.281614
1734.345597
269.324083
612.342896
1718.808796
281.089349
1435.325966
1644.365980
410.163050
1105.836185
406.986742
965.670529
269.597582
1794.863730
1555.226357
939.484482
1612.243867
897.993900
1319.415396
1618.339089
1559.269098
1770.841906
603.358096
798.616318
121.561722
1789.087650
1698.770103
773.347824
1367.558974
1916.767859
1794.553895
1153.997807
374.997504
1167.998238
981.566801
104.336956
1009.094885
741.059983
1059.615145
1614.041714
616.041173
1757.660296
1923.465267
520.315499
1369.639728
1531.324780
388.336246
1180.001066
256.492928
456.709132
1758.486941
1045.867162
1869.263220
510.610409
663.442752
1089.202583
874.318576
124.304934
167.020198
302.634336
979.527954
593.886433
98.540914
1064.351491
1843.868385
34.946705
135.921717
1112.209175
1983.419731
1842.350445
1743.836313
1277.233374
1568.145504
848.281914
611.949258
1522.310833
1618.404977
1560.413238
505.292116
1487.253656
57.760927
702.922196
167.084846
711.945736
521.058440
1949.374542
1081.617529
1394.251621
43.141879
1675.174734
1120.618078
619.117392
653.100354
258.846168
260.833008
1074.776272
83.546718
1272.669828
463.706826
576.302878
22.895050
280.593703
858.257669
868.418044
260.157569
514.824109
1559.878821
290.510028
224.158096
1211.640575
1109.167963
703.344189
1726.796246
134.108485
28.168824
1638.587875
1219.479391
285.379686
1822.846903
868.193937
1596.933964
1087.008887
1583.418382
877.697362
1469.066448
1255.905817
1259.940769
1561.024561
776.158603
1989.084416
1638.871810
643.124738
1271.087820
1076.989785
1857.996429
580.457152
566.003909
703.601304
241.440659
1456.337001
724.012551
1003.718939
1069.840740
1539.952355
681.699333
118.362484
281.533032
104.280975
779.231160
919.959187
1117.701605
826.998204
1963.658259
1271.238210
1710.502691
606.210669
907.732328
1394.843294
1408.051846
345.197002
1355.626606
41.655773
799.739956
967.770102
1183.953792
1144.146086
1480.765979
917.852061
1731.673364
1254.451346
1700.791705
407.389742
1648.939390
1369.951330
1413.086442
503.271413
44.147179
518.348122
1205.963214
1504.868956
1536.652727
1375.545725
1591.062307
1844.189348
1765.462277
309.752081
782.048137
1405.828298
672.080036
1474.347593
996.619357
1178.486296
277.825955
1724.959242
1897.750728
753.366412
272.984109
1392.541971
426.118656
964.071261
523.464958
1331.530146
497.010538
677.487836
1206.906664
1665.649292
452.996459
621.394754
1981.827421
1827.488742
2.172228
1886.556741
134.286864
1982.764021
1388.436923
311.318402
17.644265
1338.904346
1443.765862
165.484092
41.291589
1633.348011
97.147516
1151.287599
1675.753536
118.714094
1696.465622
1724.469338
659.113575
797.823001
1802.545272
1534.754659
458.256071
826.351307
587.471856
1932.048642
1456.470785
1805.438285
892.614707
1211.863977
224.090213
1060.820720
39.643969
1856.083219
815.911821
929.088766
823.738344
1204.948271
1182.996982
1311.042017
124.158183
464.719438
1833.963649
45.561509
1961.100808
188.935245
372.861040
1000.187368
264.675745
386.752218
1848.548672
136.565279
161.464789
299.403178
777.139128
304.888127
893.426443
1935.549759
1555.376353
1518.409398
1406.749389
1936.556485
477.411373
1230.298120
1854.837940
616.219555
276.383728
1168.944677
1732.850091
970.457578
1781.819392
1888.804119
1874.707148
574.415640
1348.039454
1743.420670
1058.313103
775.586786
62.671324
485.383388
1698.961246
168.585196
1560.241974
312.619521
1952.457525
260.325639
1415.467451
23.379820
289.027370
738.923598
1679.259138
1632.063143
1090.850302
911.611713
496.832974
1757.907142
1126.053329
95.498907
1616.803562
1212.925545
398.883770
1828.246818
356.139474
1705.972051
584.966826
912.831195
568.707421
709.076572
843.424547
639.993573
750.435138
1373.402812
1185.737144
64.732540
940.436201
248.416681
312.271648
1492.279186
801.958671
1794.565229
1285.289935
1299.882062
13.807997
1428.629865
933.509539
83.489974
1954.471291
347.576126
1031.763370
348.221862
1700.764923
424.507994
1147.909970
1278.125567
1567.168022
73.947032
1138.663064
976.840084
1643.688451
1954.146044
1283.543028
847.848206
1501.060215
1.706382
81.513232
651.342325
793.713397
1434.936392
1057.988482
589.398737
1788.395265
745.737317
77.508807
1501.981943
721.275771
381.900931
789.558058
1490.046273
1006.190394
1845.625659
1623.353540
616.077671
1303.270580
159.745786
287.097241
72.823617
892.448338
1190.769454
667.333231
909.795006
1417.963218
1345.980260
219.903577
4.600100
771.714744
579.450710
1333.129464
1972.924072
1241.543845
327.424082
1366.654861
131.147466
669.526312
1228.316526
601.774245
1544.347715
774.268889
1775.697199
963.092546
268.939259
201.977664
1393.543236
593.878683
1385.108234
1806.531068
182.703943
917.943603
1594.436732
1907.129073
328.059013
742.416878
322.149137
1527.592585
477.700731
704.365441
808.256083
319.962536
1373.827336
296.844623
1849.738758
1095.971244
484.888190
93.379673
1948.360256
1739.395983
1825.524016
1980.659337
1371.498870
1239.202214
525.652087
1409.366334
1383.705728
1231.028111
1609.067250
339.374271
827.265123
1550.097760
1702.255628
1718.551363
726.996830
1022.507328
751.240749
1855.090131
515.048023
579.235703
1630.890811
246.193458
977.287766
862.481229
994.711942
368.278173
1203.178301
1924.802161
156.918482
1206.794475
1997.914579
850.811896
796.148746
1187.823567
219.091810
733.982469
711.516732
762.882962
913.018200
967.923348
107.932636
720.938837
1560.366031
1736.573475
338.665507
1090.684666
1116.425760
1715.894127
1668.171878
331.641079
764.432436
1134.862315
837.852817
348.500909
1257.383781
1851.294765
1931.565712
845.444897
244.986283
1650.336644
1793.942157
1596.379962
1668.472449
999.561049
837.943999
594.957408
1447.037972
1396.362115
1358.418422
393.830715
600.352331
733.160888
916.736604
1259.434587
1315.660808
88.517537
279.282515
364.180382
1879.009849
816.913817
550.668122
619.412040
1534.179896
156.273712
1759.195279
1786.934847
153.979553
523.389213
1096.603400
1247.167469
1562.395801
1033.150468
996.131510
1104.799353
680.722561
1313.093566
1908.467104
212.257893
1609.836008
1966.502970
1429.076693
532.995763
1895.960805
366.317812
152.168066
1857.052042
1638.872515
496.682916
1413.534222
403.524940
1539.000925
333.003205
84.569193
1988.977445
543.494055
1041.603847
1217.345808
1613.932570
1046.697134
751.106707
1953.145864
1896.005488
290.555139
765.766701
784.780194
1195.247454
1281.471538
920.297552
778.932928
230.485615
518.835588
1723.337146
878.963894
598.202621
499.145215
203.582813
139.708097
1354.653207
1473.564093
393.690200
1426.687367
1260.897921
608.795603
558.740474
368.399637
599.434105
271.861852
647.341538
1423.705586
107.277871
1703.731097
1905.355894
1302.822756
1586.732471
175.481556
1954.044558
1183.282071
1843.365523
1860.183836
215.038650
345.118735
1346.191402
253.053681
390.018999
286.792267
1272.798086
392.377342
1923.996947
1126.423110
1709.401164
971.862771
223.264907
1885.936154
350.682777
864.857535
485.890625
1939.449090
1529.901890
64.745544
1399.306880
713.469754
1067.496844
1198.728502
1155.305511
46.351574
1404.537713
1631.958508
1183.623332
1525.291011
1529.004397
1235.016974
435.249250
18.951169
43.529256
686.373875
1220.089661
535.812633
1710.697496
294.588894
110.244688
1335.737277
1394.027439
752.342600
1971.205897
1172.263269
139.159184
8.073120
159.488370
912.168779
618.368785
493.079598
151.276865
43.524609
1586.030227
1292.159786
738.206565
1593.311699
777.217253
1690.304545
1652.122434
803.572296
14.948698
1512.553634
1833.018797
1929.809311
333.876212
1401.590375
1218.502623
1026.375951
6.390984
1650.012862
442.244486
1917.667473
1734.388578
563.406314
1457.885466
195.802690
116.377083
83.936404
135.045361
1266.433688
121.155651
318.562097
662.328637
999.151407
1730.093451
1252.103471
1764.468099
1223.532573
988.028184
460.872364
1942.900406
1857.449793
1091.919322
1218.744290
230.743303
506.299018
745.139135
1167.060933
1484.216794
1692.625860
1979.550769
678.233065
747.787207
1454.604965
940.795145
162.575818
725.599801
1000.663919
69.310355
1177.336120
1448.476055
1872.757714
1987.481512
1931.610528
1901.848761
1502.243954
740.049399
1682.658339
1168.362014
954.946095
1056.610065
1121.945314
1865.762051
529.647899
13.460757
1553.507344
260.445837
1203.941104
1404.045611
1393.999885
1298.031196
1259.255947
204.061184
1596.085415
1468.332592
226.058085
1125.426040
1592.698312
1490.153435
1785.329902
1302.803173
1057.381629
1190.836381
1921.070010
1257.337933
1094.407844
681.488949
1818.530722
1103.434011
1883.073338
1196.955272
1874.454208
789.803059
624.369859
1790.803520
1156.386259
938.003823
1705.278834
1466.043368
53.267490
1116.510102
251.948734
901.104377
488.821332
1031.905575
1954.166157
1852.622626
1937.214064
1006.108868
571.176661
1920.545658
622.161448
541.264282
737.141313
1766.854123
1368.817070
169.238356
1109.265451
267.068111
6.952503
1132.378604
333.985291
1632.295581
818.496182
1273.260538
1761.437016
1483.982426
642.441244
1771.486014
1139.252701
1924.132486
545.366100
1152.376676
951.648713
130.115050
667.162899
1720.712705
854.758164
300.874008
256.670634
1201.748623
309.102618
50.289502
1300.159573
373.248038
623.579097
628.186869
518.741115
1277.653089
1445.873379
1118.026485
1569.630729
1066.908020
1896.006977
1842.000750
1534.451497
1376.271265
1909.515074
759.284631
1656.555091
1004.318853
1743.228249
1341.793416
122.383862
1187.531103
543.473562
37.361170
1936.757687
867.725771
1487.593813
325.592672
1020.280393
254.384951
1465.961439
1882.776575
10.233397
113.070474
1368.833439
1590.839855
1254.922521
1299.987445
558.792889
1478.352760
1986.165837
354.976967
1818.108286
1085.160241
1942.677949
1682.689657
1154.611080
325.359336
775.905310
1546.481798
1258.275423
1412.589681
1927.869594
916.397555
1199.320977
496.027357
1749.378849
1670.591474
1688.513131
456.392717
1356.212058
1033.811785
782.320958
1900.129348
855.581106
883.810435
1272.010426
1337.952503
1229.281472
796.625153
862.769156
1280.835911
710.727744
885.100735
430.211536
794.581889
1203.440090
662.624268
1521.166251
225.047687
434.870835
1151.398369
5.532614
638.882378
692.026891
1892.943600
1589.494274
1413.507588
282.949300
424.041591
712.095067
486.327864
1874.577093
1971.660406
204.281938
1058.456803
1021.217987
484.607175
983.658115
1081.536228
1758.969026
575.237440
1938.345492
1262.496756
703.669963
507.215306
157.991690
378.493995
32.114485
817.925250
85.785361
1975.352200
203.710130
1771.158632
201.621737
517.816167
57.760838
796.339965
136.871698
442.961855
708.193568
908.035191
1782.469523
1024.463831
150.365226
1734.640890
1514.070053
318.653520
359.181150
1165.738530
728.339697
934.200338
837.082470
1413.626168
1400.024586
754.131638
1436.054326
1167.454528
1949.382645
1465.157313
1577.749712
917.143418
1920.973563
1092.568274
841.658779
884.336574
600.648043
989.748461
64.607625
1085.743689
1902.111516
106.400391
477.474217
670.255535
286.987509
52.361227
785.244339
794.728692
44.608003
1709.253983
406.857600
1645.241813
1345.028939
486.530232
1046.647995
795.916663
448.444921
949.246914
1145.764997
862.244161
779.490241
955.608644
1123.746424
32.860795
1598.553394
1710.688486
1181.168697
1172.296229
362.403989
80.017368
1490.182837
723.257167
839.888369
239.058701
1632.143858
1509.978613
1867.210247
1322.049947
1419.635806
437.682550
1781.362160
612.006635
1222.615603
168.136831
344.558847
336.340758
1940.160742
1909.375565
941.284573
1875.876291
612.442597
61.489418
231.985902
928.560338
1724.902440
1374.116370
1879.737658
1121.390562
1051.003456
1736.559685
328.367740
698.642239
516.981301
1663.470467
934.522014
539.996012
950.722640
256.632679
931.288556
23.867139
36.144068
122.010607
307.936211
827.965758
1255.694054
68.387514
1573.916211
1116.012380
719.022220
804.946669
200.583587
266.511699
362.425710
747.488070
299.287534
1860.902510
35.508806
1348.575262
1209.561669
972.570618
1305.431577
1346.367563
467.302841
1866.639422
967.464230
458.829046
1180.768022
883.988649
120.317328
1842.739049
764.568577
549.627209
1190.544761
266.916324
1355.493704
876.375358
866.794423
1523.610654
333.017703
1587.159076
694.625985
574.380870
1713.208132
917.389365
911.791187
736.673863
1234.306122
596.439617
405.328435
325.220316
212.014349
403.844793
1338.640589
993.161784
937.717552
1613.174663
1858.123611
388.712688
39.139180
1696.883925
242.784894
16.612659
1681.573234
119.918192
688.207919
1433.152724
1096.468108
825.191184
1778.042013
42.677176
363.015680
1454.704842
1224.126854
467.150936
278.172852
1198.973956
352.258286
1838.611886
1242.005785
1834.685374
8.990624
958.175397
1270.351944
1436.928018
937.683009
1208.435267
1947.666719
385.969557
1588.112361
148.824710
144.634309
1383.753783
1184.517877
416.611332
1236.665323
136.981305
1923.810033
1275.028948
157.666736
1016.220657
1150.683198
1314.694715
1403.432457
87.435732
936.278850
744.063225
314.402871
1387.383204
1621.789648
1998.838770
937.304201
153.105145
1014.406497
589.529069
316.528344
955.855296
1655.974794
1095.882578
1028.851733
1845.218377
1520.025467
174.603359
1380.983132
191.410268
274.070121
241.032177
859.122766
1350.985176
1830.139176
1487.054194
836.863147
608.991426
1150.291150
1168.308947
879.162195
222.841177
1456.418284
202.710240
282.248832
1856.118104
1497.168579
487.849690
1426.496403
84.368506
456.190031
336.222508
1503.375614
722.013578
1053.243638
1876.321861
256.457136
1471.193431
415.431167
426.700315
1764.783606
1751.747644
1376.248336
256.426401
1148.037000
1171.813273
11.244180
1456.699022
130.133887
1770.285319
349.650973
307.707079
1038.253882
1989.105372
1359.847503
974.114928
594.194688
1967.757652
78.970267
743.706060
1070.529514
1282.380299
1415.899289
1280.120862
1494.272118
563.480758
210.641840
869.782459
1253.285412
164.134946
1210.879465
1034.536760
1315.083917
769.358940
17.928493
1811.331654
1459.028533
1952.582192
1839.437857
1956.351889
14.160514
1530.993941
232.131825
1750.534108
1028.428066
123.249496
164.893447
903.054196
703.666127
760.344677
357.484786
1769.080769
596.381156
1057.245950
135.643068
1820.591523
455.093038
1230.081664
1818.291957
690.326781
357.252063
1625.790734
1280.265617
1769.408196
1922.164794
483.203181
1788.548265
969.165020
235.744131
1619.028415
150.863450
1215.884374
1292.007975
621.946964
607.049473
379.285594
954.333494
435.333401
1152.885938
376.189954
1875.077670
536.807797
1876.267628
1744.981331
666.629023
676.220697
1168.002377
345.823768
821.553412
1809.818033
1443.043334
1083.613140
1083.842906
1048.319141
797.958897
1735.836048
155.806558
1618.970910
1438.022444
1204.304653
609.968932
879.703906
1678.403726
1567.436038
616.252375
914.426817
527.584970
1902.863255
598.992644
1550.586624
1042.693127
1972.624523
1812.118152
1997.352123
1518.552431
10.466822
1114.423495
1008.025849
1680.487021
1612.093642
388.505402
1348.484106
1649.961678
1762.630653
1069.779094
620.465603
1252.948192
1350.416517
302.222058
1525.883374
385.824720
1715.890972
415.843308
781.376374
1834.375343
1203.022056
585.963410
1765.461559
115.261780
1903.533573
1588.853965
1644.299764
1356.559324
1787.115184
1048.529435
1952.730094
1950.119545
1265.215895
1019.688996
706.101887
621.487605
1545.192054
375.467916
50.803381
428.341395
1144.067234
1049.480766
519.822202
79.027047
305.980644
506.821892
954.585837
1288.290066
799.992172
673.457803
65.072631
1699.504851
1686.338421
813.563393
1117.638662
214.012250
1196.887357
541.401836
350.282764
1635.940608
1974.068479
228.832482
653.592617
1893.705114
43.172024
1261.127344
1427.757446
97.632028
745.213597
270.713100
281.303604
1899.201313
270.373345
1921.939535
1478.275207
661.248824
941.580037
706.945238
1764.948242
1108.491012
1279.072933
1759.670291
1211.817250
1412.021114
720.282392
886.000926
1582.355442
1928.527669
637.006163
1383.685757
1080.412013
494.902477
749.314289
1105.315617
30.607565
1505.188677
382.781343
1043.554713
711.591750
1626.959692
424.477468
1836.895965
1197.353921
1263.617498
849.253795
1763.789640
1659.320994
791.208535
1526.022026
1789.881467
1035.270947
562.475858
1939.877426
1367.303740
590.965548
726.501674
194.900256
1061.605739
1565.733414
1115.395142
1085.787735
1584.696349
1492.509192
252.134483
94.124064
784.371998
1812.839410
1074.508274
82.532398
1237.339274
1479.565128
654.501028
857.399419
594.454004
1377.213931
425.150650
1061.302431
7.651274
1847.564356
595.209738
751.603564
631.263812
142.839559
8.881192
1455.565360
777.524188
1493.976846
462.406159
13.042584
435.693304
591.619886
1666.688180
908.004911
624.642871
1896.524032
331.282900
1678.775793
802.251856
433.776931
421.894218
1668.879134
1134.904274
1230.598940
1323.815526
175.738065
1804.923510
283.854869
1497.181220
1888.716152
1759.239068
718.015723
8.372718
1933.782856
468.398903
1743.744746
391.759849
1094.903442
1306.039334
27.945609
1703.361173
1926.617281
106.527277
1568.722010
1694.366782
201.490791
660.144216
1832.435338
702.279355
1333.305221
1411.196998
1490.310490
1868.819355
1907.352422
64.980479
653.096212
608.361017
1243.697993
510.320108
1595.784865
385.753000
1040.375101
1976.610654
1246.732625
596.818566
1031.869631
54.563320
780.312864
1921.031681
547.909892
1524.019909
1698.183671
206.168493
1513.076721
353.613837
1335.885005
90.967362
1114.484477
1579.062210
1518.045170
1529.753864
66.594624
806.749559
699.795674
799.384231
1656.013895
1697.765287
1264.976464
247.701081
751.630486
1892.694603
1230.877041
1374.480802
1431.727375
1374.802105
1020.944790
1683.195351
67.912822
877.011685
1189.396776
1460.784497
1116.914724
266.672978
542.088930
1699.757885
1523.977540
544.440198
1773.392447
1332.502993
1221.153291
66.754661
739.273792
289.787952
1877.222249
91.419532
769.419228
541.559819
286.246586
1591.391428
985.213031
212.281836
918.374993
653.554594
1234.053548
501.320381
832.856173
236.665657
1190.168591
1943.929251
1388.854932
20.134702
225.981217
1014.121105
803.718864
1149.656368
286.404842
1208.052998
723.617959
1879.216644
1214.592433
588.622981
455.545662
197.150405
158.122592
270.660790
1725.822475
891.622688
1804.432295
310.099958
1628.128628
1342.641574
1423.492451
987.541624
699.707482
1450.962119
1365.554809
803.641135
1705.260562
507.719424
1836.002988
908.400834
1812.528644
1445.753919
445.099507
1670.166681
1143.396244
526.014448
1277.073698
236.438899
642.244020
1012.976812
332.322833
425.204345
1548.790512
301.663113
829.842039
732.959257
75.133822
1758.449665
445.889923
1790.658798
155.773923
1146.206569
496.116714
294.237718
1168.062239
270.919513
846.449985
1959.101455
936.269608
1103.316764
825.897413
309.442980
1953.569989
358.495087
1749.850677
1769.067373
767.106553
898.170466
1683.287206
1835.737235
1009.029129
894.447190
1158.391416
879.272597
89.245255
1341.268001
1770.320782
1456.738755
80.335598
284.113444
1879.449350
1903.509542
581.162280
1462.005670
399.408660
427.059866
23.784066
1814.090009
1352.858608
1051.829463
1635.990645
1414.070737
1804.811575
1438.113411
324.474056
122.417405
1069.177307
1366.387617
1112.628991
1373.068327
1710.907493
1016.608079
369.630872
1198.331775
131.450780
695.383029
1215.957737
362.592939
1066.069182
960.561689
928.850182
1717.925159
1045.591693
603.612902
1291.298508
1763.884746
1725.376417
1420.024389
500.711020
79.823985
1027.078258
850.666251
951.296275
1627.629279
631.698424
1168.020319
452.088463
1274.553665
202.924012
372.615121
943.192228
1323.028648
1660.688670
1793.210241
1050.822272
1686.899217
397.847338
1390.122014
1238.915319
456.184090
878.906490
1142.892888
1746.157393
1966.275431
782.904805
1186.444039
1944.266325
1547.828311
785.629792
243.638569
761.209627
540.368215
375.746877
541.994016
555.066632
1666.459514
1914.511405
880.403149
211.440381
916.303453
934.821994
153.330852
1739.350503
214.893942
354.487179
1798.502575
998.596678
899.282909
214.602108
224.200098
1398.538483
1785.721589
1731.632407
827.321881
488.908983
26.925929
649.415172
458.854758
976.212043
560.944824
461.492501
659.634021
1845.238724
1395.722470
383.013735
1031.332132
1491.683473
1919.547721
1991.778852
1069.262066
1199.236856
1912.726195
1771.197669
346.694906
57.413811
309.653218
1013.808832
1639.755033
28.313943
608.595363
1467.422581
1971.933046
1520.218830
932.797906
1559.470308
739.506997
1981.087268
90.943910
1738.275179
618.949202
1919.455938
1917.068250
499.896633
210.010027
565.744850
53.014555
939.916691
1436.948874
1590.967735
1338.386053
753.606983
248.912209
10.251277
587.145762
993.493117
1743.393818
407.249559
1506.598081
1043.485351
1847.784855
1653.519946
1858.366739
1576.319150
1428.678435
653.302015
1279.831078
576.595022
4.908713
784.948501
1129.271409
1029.925810
95.516154
369.743354
517.279063
1950.673142
681.419222
533.305061
1481.032662
626.320623
377.548067
928.113884
868.034381
1563.112506
1342.563422
433.314125
1290.411340
1291.296962
937.542205
1491.492706
690.706212
862.607609
1098.503501
818.030607
544.755408
575.368055
1747.030622
661.910035
49.669680
602.303397
1005.592344
519.760746
946.329712
391.015116
1903.232838
544.344349
677.656321
1444.068145
152.741693
1269.515525
93.876513
565.385012
244.499732
595.558463
1946.987295
1567.468469
322.798514
1832.901817
986.404326
1484.183129
1343.705923
1472.926910
1261.097217
1878.760470
634.995133
359.197381
1441.718828
68.442473
1499.562569
234.319763
1950.082871
1503.533028
1552.846462
557.869265
1106.985802
1670.894999
1739.881057
293.692454
832.450331
1606.123805
1246.344039
1245.059988
837.913295
1569.950362
1746.259247
1565.869020
1991.979522
145.540392
1071.405256
1763.656253
1159.441727
1324.507179
1979.716965
1766.240536
1637.085769
1088.166902
1102.089722
1311.852625
1091.258150
528.965889
1542.343431
1384.281482
1599.046720
675.053539
785.127032
269.202631
956.652483
9.542828
125.462756
891.489306
1967.678393
1225.705016
1354.459955
1610.999289
1747.210064
944.078405
1536.322534
1643.642901
1207.350405
288.805044
1363.769600
190.950843
278.637340
1451.739505
1515.717938
638.920758
409.379861
1928.722520
1764.807097
1252.478299
1363.196527
894.039945
454.226017
1856.443272
1058.840616
665.719238
402.164830
1535.350271
1826.955751
307.489540
474.059063
78.021448
1401.681741
1638.117055
409.276440
1059.145200
965.225139
336.126283
16.355361
386.997839
766.547603
992.443810
756.788557
1840.609810
714.900847
399.662727
1806.159624
51.002494
422.051424
495.047582
651.032561
1469.674797
652.486314
727.150035
81.900236
348.722114
1830.033959
1640.627203
1468.231609
785.891139
1990.748721
779.335697
35.057838
1544.733921
1925.131032
1504.162342
733.122644
682.523224
1723.288224
1418.186837
1874.707347
566.026315
1701.336856
643.963556
104.196750
147.453903
1303.114558
1526.928489
726.786399
1320.307401
1047.355031
1811.479110
1347.784140
1777.319319
909.131457
895.172447
968.467249
1048.099200
922.477564
66.432539
1761.810203
1469.314633
262.136263
1275.148795
634.643842
1006.172650
1757.284448
1556.465616
58.334478
1244.154056
18.590777
948.233108
1285.833299
68.560639
199.311511
1431.536365
342.133294
904.685113
1179.275165
1769.559258
92.890732
727.999295
1469.747498
1813.942658
1734.738815
671.036536
903.019027
330.658150
261.433602
1990.685181
715.202869
319.109631
559.367049
1534.346967
557.133734
1023.541606
1853.437796
1225.650122
947.541299
1105.419596
113.176032
1814.627127
342.809279
1022.141265
1893.696147
1779.544953
1706.370252
371.018495
1469.568100
743.309358
1438.554147
336.547441
397.143198
391.825591
362.695703
1956.359737
1260.749727
1717.892091
481.034202
366.392557
707.972137
93.787505
1640.730240
1521.653213
1800.910901
480.953208
70.150506
1928.526776
1358.583742
157.338278
1673.349609
1390.708445
1494.716757
889.697765
1252.066602
751.426829
823.064080
1224.985674
1818.633691
1912.375625
1778.624614
1668.622963
1988.230476
1695.484411
760.025585
1104.804802
1243.095011
55.408066
16.161917
1316.856479
599.587922
1057.587788
1299.622591
803.761192
764.245706
597.384734
350.646741
1186.122408
1520.175910
206.261927
23.689266
190.881740
678.258747
1485.003886
1768.616779
1205.181366
1148.752868
301.712833
658.647251
1500.684587
107.506502
329.294372
780.339310
1405.255328
169.564000
754.287453
406.718472
1008.972170
1574.372312
408.829143
903.002912
1492.997576
563.858403
1205.131595
241.034298
891.670358
630.504257
1345.510776
788.063108
711.084143
1655.167761
892.639282
413.659966
1300.193510
813.758190
1416.240840
1981.671907
1115.409538
1477.269899
512.732028
656.679923
636.470286
637.095659
1176.181451
1966.542798
995.832224
404.896539
1681.290007
622.660852
1364.001329
735.688573
124.544598
427.428314
187.482211
481.300620
645.429981
128.971787
1613.527375
572.010449
1657.158434
1521.564995
1068.610996
1489.646626
104.486163
227.063059
970.104116
594.797270
1253.836475
702.816401
1629.245620
123.108965
1149.248926
928.569063
1240.334799
1497.150592
88.663374
1099.751817
517.502256
254.284013
1382.511376
346.933635
387.234924
1333.282584
698.578922
1691.773742
994.086369
1798.172443
312.072975
1007.431700
1329.689477
151.803428
1705.250294
338.807980
1455.677581
136.104526
1149.366177
1974.128572
1611.922537
1269.235231
1386.480664
1921.577017
527.179126
673.071517
1825.858222
718.389825
1147.834456
234.164065
418.557190
1978.349898
174.284086
424.517254
1525.130028
434.521144
1891.123791
638.986652
213.712034
909.489427
1460.141961
909.637209
978.179351
1537.942401
955.232622
1868.719590
350.745883
435.076334
859.984732
1563.010060
1466.581806
1030.553675
1798.165058
2.964375
443.493600
1362.803446
242.740229
20.778279
1597.568982
545.574254
100.808849
919.750991
630.429541
1184.397511
1043.986153
68.162604
1890.804430
1988.001501
1509.639101
477.698226
1215.716185
1700.397743
383.081740
278.777473
487.843214
153.227813
258.367144
1959.378661
1383.192562
1909.445332
1829.802253
1896.934432
1787.551885
946.545387
1343.614574
1225.528582
1544.568498
369.545865
163.293495
1674.224304
1924.344764
536.814292
1801.267763
747.943834
489.532553
17.930708
442.184694
1187.075596
812.537356
1843.155775
1040.298551
835.000646
762.930512
1662.314130
1638.028349
1851.515445
1555.792580
20.249722
1592.870651
57.043502
1169.906255
382.857124
511.142013
39.354944
1812.265753
460.273726
1388.373117
1932.273145
1354.929905
313.765789
420.474095
446.853915
171.214722
570.928352
1259.693791
1806.758278
462.372333
1092.579771
175.428511
49.260615
1924.018105
849.380870
593.918727
8.775082
766.114904
1013.592591
277.515595
1845.791758
1552.849628
1820.262680
1637.905144
399.365751
992.370921
1791.735123
742.740801
1643.872686
1802.816340
1072.942732
620.703359
1187.361275
1566.472570
1413.014337
274.052953
30.854071
1611.471190
1582.170068
1739.436668
1617.817125
1114.949646
483.415253
1449.891136
275.675617
780.408849
449.966357
402.177469
1185.324090
1509.164204
737.638930
1569.645824
120.684027
1079.573667
155.601171
900.945638
293.406500
970.990602
1034.323558
613.831756
357.600510
1808.117150
1060.462135
72.572493
583.236176
448.855706
1258.490346
1849.377264
695.297857
791.708520
504.089772
1573.496279
1553.164451
336.048908
976.194230
1269.742536
1538.142625
601.638693
1204.527096
805.600927
670.173463
720.450145
652.224874
1270.820281
1433.581583
954.432152
39.455482
1945.686854
205.613593
309.983508
121.280072
1540.804498
1369.016793
928.413659
551.422452
537.307255
548.996827
1085.590255
464.088354
1341.145544
495.932159
362.324125
1358.990046
361.182814
150.973560
571.678235
1372.657902
1901.188569
1360.248245
1082.155987
1298.265997
1989.511709
991.893979
77.444543
851.963307
1840.858894
1023.916928
1601.119508
643.024119
314.739351
1177.067788
355.678715
589.760276
1705.813284
1892.847666
1295.398137
1034.677288
1323.959011
193.730275
374.108447
955.715200
1472.234532
464.047459
746.853527
1214.077577
1400.242879
163.123594
1125.980549
706.262111
1151.452707
1590.957841
1717.375762
711.999137
1520.200328
1305.728576
1502.790130
1341.965579
1768.531370
373.715766
704.312413
784.363986
1284.123167
1323.761731
1519.739399
1413.386274
1763.587922
18.566756
814.347131
1732.523332
581.765376
1840.983020
530.491443
1633.592558
735.848435
31.975831
148.440447
92.745575
830.648909
438.089388
168.502677
1716.843864
1060.952270
1606.007430
1418.078465
461.829086
529.399674
992.396868
47.292734
880.200919
1288.675022
1772.840031
1035.935551
1842.770484
203.521778
1715.513760
1149.544493
195.276259
4.312295
1240.679397
1722.055376
1084.339041
1778.987356
560.491846
1716.201749
1633.372149
1470.192865
289.762716
1511.048646
878.952294
433.543504
904.942351
207.113640
579.995737
1095.508051
748.500921
1012.808577
1627.696196
1520.817317
67.563376
523.373199
386.076759
216.390520
1323.158740
630.228660
10.219234
1001.675639
377.116415
690.480040
1357.060428
1592.535807
1433.028569
80.458866
776.285724
1675.892327
1309.471807
481.649770
1805.788966
1006.717858
852.627579
1639.478735
1654.712975
485.341473
1844.321031
1268.541346
1966.758634
1058.162926
471.716236
1597.540304
459.858430
63.531190
955.769225
1587.388171
21.400469
883.603231
1918.289496
1793.777040
493.944560
730.492769
1663.017245
1962.372336
1245.716528
594.618891
1059.678279
1494.235834
1829.921137
198.354442
1119.201079
204.300665
56.532407
248.575434
1430.926733
319.216210
1231.938298
227.832146
1156.950432
581.709360
1899.011201
1558.129162
1125.956551
765.020665
1256.169615
972.825974
658.448703
126.624784
1508.422694
0.216160
1758.731722
648.011069
1750.378474
1152.288640
567.278460
1233.730066
1826.731345
847.525579
507.100920
1173.696566
285.325468
841.642248
1881.073524
1223.720818
177.074177
1613.668150
658.410762
1767.505183
1193.674832
965.940320
1941.714351
384.277589
739.950764
524.981314
953.842087
850.167880
1126.137210
12.544757
1182.436135
937.063660
653.245284
506.134322
1263.375466
512.985858
1694.131899
959.164827
1427.726086
955.909688
1935.521842
1019.248224
1266.842868
562.526021
377.184444
110.318106
1693.004378
793.978361
383.573781
887.553023
1498.324807
311.539771
1804.274243
1502.616366
1785.771255
737.624251
516.176214
489.788312
1489.903494
48.133091
1686.316192
990.450290
1806.163334
1615.139129
259.663834
1064.059553
1618.911309
1985.301814
1750.561331
1383.854366
1215.029820
1846.867691
1522.534236
488.009916
84.650348
1874.544396
888.938643
205.081141
945.767247
696.655605
705.045858
64.108857
204.013514
826.364507
1365.359121
649.049060
969.910245
602.043580
1842.856276
1852.260542
932.643596
223.430532
1773.493010
369.138923
542.442444
1840.175374
945.820221
1616.664016
949.538798
906.425609
1242.893993
1598.451790
1292.362545
754.690229
428.579322
1745.161372
986.354049
642.487561
1860.226312
405.962238
1610.398249
852.367644
1595.642752
946.015019
261.268669
1793.912402
995.639141
91.287204
1983.225980
1018.437921
1358.464379
497.587650
166.087397
310.788771
63.020348
710.510587
1195.432593
1283.742873
119.406435
431.744755
1534.049432
1273.402395
1523.316738
1531.968664
1919.058363
891.348276
1159.955807
1857.755328
1611.312387
1660.812640
1792.050040
960.359595
506.652867
1343.977362
1761.122853
1099.922552
779.085780
1376.032332
1346.609885
880.898303
1399.841582
727.726152
1055.316724
1546.447968
1327.376149
737.152943
1428.015747
1493.400623
413.060978
1746.081376
261.873083
1691.536412
1023.612321
1413.564791
7.931581
1163.403565
770.211977
489.571653
491.938454
586.427548
858.151508
1648.418515
137.810410
1328.734936
310.600789
33.560621
1059.146825
913.790604
1481.846600
442.954077
539.119328
784.938922
767.911878
1785.678880
1411.350972
1942.093853
1125.475801
50.780819
1322.260863
197.926235
1929.546394
574.515080
1584.145410
555.287635
1143.480959
554.650563
26.352694
182.957388
1689.666408
1189.920499
1168.400299
8.124165
819.460475
493.149254
219.849003
767.597644
1268.268210
110.414726
856.793028
1049.269180
1989.415571
132.665494
1147.726890
979.218502
1210.726824
1683.047939
1169.653320
1502.099597
675.281117
1618.594379
1439.240586
973.662976
786.692999
1391.861793
882.701848
1292.007212
477.601674
702.866331
447.199473
1722.561760
1858.618228
1072.945899
1031.998920
1017.377055
348.235776
216.239681
8.639616
247.083740
1749.188789
1381.101160
694.775518
733.683739
871.959448
1207.962506
1353.061738
10.050009
1287.915350
498.792659
112.794225
1950.499274
1454.404999
829.398466
1975.639287
57.225995
201.263614
769.172356
68.778886
1138.276906
230.090710
1540.609637
3.274652
1746.216318
862.572580
220.125224
186.518589
868.140948
1721.489714
653.757363
671.343709
951.731766
522.444682
623.322707
1399.183212
331.178398
642.492843
1393.106018
872.873722
1715.800675
306.597207
1770.706823
1297.258045
826.443591
1700.008596
756.403042
1445.512946
1455.031519
1073.471397
643.564564
1367.629096
199.508786
1244.703329
1847.864182
1244.868037
1190.901691
1314.305939
1383.711942
1199.889084
1130.613290
1798.012939
622.184517
1881.334768
989.665026
1859.992558
1724.522328
1833.741430
612.254319
958.913474
1664.281687
373.218802
1767.382922
262.941604
1758.978200
414.540868
164.440710
601.202656
670.937450
1267.149255
1570.890880
1683.826751
1179.421850
1797.292941
248.967607
1568.943047
297.904532
988.121595
1562.894258
707.292855
1851.389690
242.510076
1791.417266
413.326283
1550.976987
1097.979942
263.870316
300.923175
456.983858
285.749342
1376.373784
489.058820
373.802675
589.754093
824.535002
120.415240
187.241345
80.210262
853.366309
1638.160184
1660.193153
306.629971
433.560545
1844.935419
231.521947
689.754222
1993.678133
1191.884550
499.181523
273.262153
1388.950212
1737.138782
1679.320133
475.612643
279.747704
1701.867675
321.064935
861.783991
1092.739041
245.650236
1789.199027
1061.916331
835.911521
1203.447068
1998.380962
1810.118981
74.998735
1506.389480
943.379313
147.708548
1512.741645
852.204771
676.313838
382.627242
418.474449
1029.776728
377.875386
1829.942096
870.174669
1567.944161
1787.540287
94.078501
689.442190
362.217212
1062.336555
1924.329295
193.186051
1671.050175
679.414822
763.325221
50.989032
1374.142089
1255.074220
554.972285
616.093004
1864.962928
1900.983439
394.898803
1628.155712
518.103665
1288.490322
1745.247368
1272.061041
1653.492347
1657.453338
104.190974
1198.931720
1889.948354
219.230352
1423.662691
1531.894368
1957.623910
1746.353779
70.654925
1713.007770
228.078389
1874.954490
1647.956668
824.345926
833.112457
827.953621
1935.537078
1578.459783
1902.633980
1048.573388
191.617498
1657.308512
20.559026
753.693489
1699.256135
185.529862
1509.917552
628.174082
1572.018140
1627.881406
1345.742790
1722.058307
1011.132048
935.995257
209.124583
189.747090
546.001114
72.797606
348.862808
279.580721
264.589394
485.803689
820.966968
1354.665009
546.746368
558.814302
1320.923210
1599.446889
646.852564
402.128382
1432.439803
622.025083
1738.268037
765.181135
1406.417372
431.284101
1136.848099
223.353271
1636.403400
747.752668
1697.050983
196.042051
1790.791100
1662.121406
675.804666
1333.104188
543.312291
1114.091878
652.736891
691.047434
492.472615
1322.408866
495.029979
573.929347
1343.014258
531.501632
737.590322
397.398157
1678.490312
1004.444087
1728.278803
811.147909
1448.208695
343.245879
199.586522
1657.368377
327.406781
1607.014116
14.870309
686.558264
1639.370408
914.883360
178.433219
1605.541747
31.138432
1844.490598
1009.279534
1099.018319
1851.897815
222.732748
1678.945317
1059.392177
74.761933
1045.521216
667.362396
1563.938669
48.529511
686.852140
1385.403446
1006.233350
1184.945428
318.377271
1888.409541
581.355685
1268.201943
976.942812
1281.498278
58.374408
507.870207
1781.109542
1543.997772
1026.569580
523.903720
1455.473671
1064.632201
199.917782
147.821603
1446.821912
36.721983
1352.341686
1223.477593
1699.354035
623.087237
215.270276
1200.395656
1210.298743
425.449421
390.392112
806.962942
1658.666226
1864.634946
115.552573
1064.244743
866.226379
652.497778
259.828792
195.090725
885.028093
517.696905
987.600592
1657.656216
856.682806
1944.157683
1689.606093
1736.252201
1740.506249
510.682847
1492.011742
322.321806
1311.652457
267.704210
1754.702769
987.745644
217.459907
25.266689
1250.049858
323.709760
1067.400645
1878.562701
1515.017679
991.840215
1223.587314
888.979010
754.705868
611.741370
1119.886425
1342.623760
1742.269300
174.065335
630.774315
1328.170421
703.554264
999.186091
425.569217
302.744494
106.928122
1350.134159
1791.002823
1247.654898
1757.565277
335.667300
1698.328989
1970.701965
783.567792
1904.043727
1338.198458
650.354568
606.579997
561.033796
1294.336986
1541.571154
1100.435247
822.918864
1694.286201
1275.662235
1145.874905
1521.552702
304.710764
1139.506555
772.807931
322.391016
1911.735228
1150.701067
559.692924
1667.177676
1103.733728
1880.074654
1354.476551
1411.720575
1017.231524
1019.312869
1181.415595
1088.477051
9.883467
256.163168
1858.572828
1726.502708
1055.056931
92.494148
663.438403
37.189465
1925.432865
497.971113
476.807735
125.067481
1673.512924
841.044248
557.615088
629.781258
1588.210475
839.086433
182.363756
1290.761548
1955.109421
1298.545620
128.836734
1973.711064
581.411074
601.940585
1623.288907
1258.137439
1365.101044
1691.716168
838.025629
1897.830208
228.735077
319.563631
1901.239256
1834.607129
1251.629804
56.593336
287.570185
1337.782896
1589.963777
508.218060
1980.246312
1605.298936
1193.564360
3.014906
346.068656
423.753471
1202.290604
1607.691851
1863.603878
839.469445
935.546732
1153.078834
1505.484300
689.745513
846.090708
872.771442
441.989555
294.321333
53.988713
797.829037
28.279262
547.418620
421.444558
135.977679
733.077063
1917.240982
657.384069
712.111675
298.273120
877.593502
801.306565
1277.774398
1229.305508
1977.700085
155.955326
1597.733136
89.515474
381.186346
47.949002
410.461537
1288.016762
1376.095755
1497.078673
1822.743732
499.240778
768.685179
1782.224910
1088.765942
1129.092656
98.668974
1771.143477
765.684806
1463.822684
667.533831
576.661435
221.526171
1761.668026
1709.124778
60.086374
1534.361375
1418.425129
136.779308
1002.493537
1129.813774
94.003271
555.398945
559.178179
964.835534
234.860039
1537.981528
1950.384973
677.097902
1330.657150
183.902937
1140.221299
118.791144
1813.530312
1331.562662
1618.016738
1277.038592
1184.196155
1585.535428
142.914769
1668.747291
426.118896
477.637532
1064.351461
1687.417889
1481.063430
175.775758
1985.090944
1577.785256
878.639923
444.142756
1841.599352
1423.328263
309.925303
852.034699
438.601352
1567.585177
1388.609613
506.266362
1980.357123
1173.240599
797.374074
292.569748
470.878749
500.397049
816.348180
93.878805
1250.218498
680.616729
1354.684996
766.902212
1891.306372
1674.471234
1852.017339
1911.878562
1977.663204
1475.822949
137.837436
1950.999081
579.616948
229.414115
1377.159233
1073.437393
1460.378212
1711.024690
727.438407
1927.172621
297.928683
780.992746
1958.773019
1255.164684
852.734902
752.871804
1884.885170
208.669159
1786.553894
1747.117929
798.277997
899.933848
732.863735
403.953876
1461.189610
1877.575099
1016.796983
1567.845920
701.591909
703.117765
1981.091211
343.481629
1944.747658
753.514251
631.632551
1072.993985
123.642073
983.709540
241.218271
647.949182
289.458274
911.176060
352.959168
1924.102196
1342.640327
119.770235
1545.444881
1576.375142
654.800950
264.640385
1907.695630
1845.710734
1983.008526
681.446896
253.615572
1909.485944
1753.785248
1108.731197
856.378640
1679.746770
1028.686435
372.342883
1761.569701
581.088970
65.139957
1494.509631
1286.217276
1470.196285
609.547748
648.628994
486.514056
208.896518
1685.126688
1498.756633
1469.557110
1748.790227
846.872615
224.232737
1119.636655
1080.185374
1355.670595
953.615275
1419.584169
1422.364075
1986.642983
173.760780
1098.829580
1137.217751
934.952340
692.853914
1843.060167
1092.505110
1447.098301
279.405635
1010.506851
1559.733389
1172.036788
1315.531698
783.603865
1956.889416
1057.981157
167.125241
449.866356
1018.836868
367.223906
1906.291012
366.400411
1496.299888
546.138795
1017.723348
83.244241
689.062536
509.403700
1743.377308
1288.231301
959.175427
1258.791675
55.910031
1861.485995
292.528149
37.559905
1648.919564
543.200007
1700.068490
438.516727
923.054094
78.778509
678.221418
1974.438788
1443.805118
1843.110116
641.697517
1587.105846
970.570523
1235.266682
1404.154087
936.971173
1320.298444
1298.360518
716.708738
630.660624
290.636810
1985.226537
1577.100223
908.488499
1811.623430
1779.098794
189.491784
1060.573586
1956.013178
971.248856
1647.209679
1407.281271
1913.367212
557.738145
1252.625632
201.715633
298.733781
1997.845846
595.032123
922.997697
1240.591903
481.747307
1403.603124
1402.382617
1539.486637
1897.878014
1183.408297
645.759826
1347.665906
432.312312
1869.091039
296.657325
1359.752408
1915.556011
959.665601
539.146426
48.756754
1762.157446
1705.475592
133.278337
714.817596
1704.352859
120.823123
1489.992406
1404.695083
1828.831217
188.231903
715.356345
64.709609
1873.662511
1524.712753
413.006344
1862.593286
783.722883
863.542557
613.433061
1970.141992
1775.169339
1549.385890
993.934130
820.612098
1182.099587
1545.993820
1971.565311
993.564551
567.083088
1915.087241
127.441125
1261.653174
1511.590029
1701.936141
324.378416
1013.729898
1541.481929
186.733860
171.170896
500.984080
1558.024143
1443.695313
1198.761441
1814.538835
683.015340
535.908637
1032.694772
979.032974
1777.955800
1146.691328
37.799889
528.952911
1982.545005
569.882482
673.477484
1212.719753
1228.723141
1948.689156
718.315591
449.809488
1083.393465
1977.064606
1597.023572
1454.358154
233.151305
1198.835099
728.934423
749.842497
311.162418
1070.057323
902.103500
1874.739512
127.541875
57.730388
1887.944523
16.169698
1928.925081
153.293883
39.631132
702.038237
645.915966
553.618835
578.592669
1108.975751
393.018127
1909.430837
584.228681
1030.151923
1663.116239
1177.766741
865.659526
805.527121
659.420931
1345.993528
903.588948
1771.472052
1505.672649
436.077082
386.149201
1803.401864
1144.813377
1819.423530
592.681282
544.396981
1568.913360
266.407707
1588.437315
1457.583281
1541.251196
817.424780
349.279290
1500.897523
881.368491
1767.142509
447.867025
1812.065418
19.213912
667.566249
591.718993
195.430019
1884.788863
11.440699
434.167273
1823.141539
819.018299
1541.128897
171.073773
1936.772369
123.302172
624.050405
874.316173
510.779429
1136.903986
187.098051
691.182385
486.450505
434.459886
652.244487
135.477778
1386.444668
1784.214113
1613.560945
1306.175500
1135.933512
513.837492
1751.964916
1658.328345
1129.154482
1903.353208
1825.842558
853.077356
1459.118654
343.413562
278.821121
1976.244976
1168.130878
687.910954
168.167421
162.881448
1007.603599
277.637478
1433.350389
180.218296
473.511972
1836.377494
1852.465529
1925.833133
1504.634410
399.535286
903.367211
402.570020
21.260161
277.242828
1601.853539
119.625588
44.882128
687.987601
484.884237
983.828232
1810.761609
1185.713645
1196.302500
1171.993014
1503.679117
1322.476688
1367.100690
1446.089864
1434.707274
1515.922116
451.876588
1906.185007
878.412546
1898.755860
525.602463
1347.591813
686.125749
276.682983
860.758972
1995.334612
299.850314
520.871999
1269.556857
180.949483
158.175966
76.435940
1705.502680
155.160956
689.596939
1143.222436
922.490602
1996.291988
1359.198814
1748.339983
277.800936
1144.594253
1552.898274
1345.150831
1556.281330
1907.607670
1031.394946
1754.539476
570.976493
1136.095280
64.754954
963.810137
943.800809
207.723283
1295.167029
220.361566
893.733826
1545.796968
372.082859
890.478369
898.109389
1400.565656
251.352907
1789.681834
246.855022
1375.576433
1106.322803
1407.738039
1550.293044
1887.854586
137.733588
1889.920713
48.424759
27.624153
658.290967
180.342138
1576.506758
1004.271895
1022.506044
1547.801753
1308.531829
1598.496749
524.341860
797.027903
32.575642
1435.193378
502.230557
1571.795606
770.171025
1608.618163
1489.931586
165.809901
50.154681
1659.441992
651.049703
1259.332231
1231.493387
76.926766
1353.982770
705.176180
86.585730
403.759878
258.389221
390.234245
1227.259037
749.867669
1477.583447
746.057659
1777.008302
1127.012198
323.519560
770.841103
341.969845
1753.257106
559.365056
898.603910
822.335683
236.561408
985.818600
1064.469587
1681.857127
1787.246114
986.651393
62.082353
285.142385
1777.444807
1066.854863
1350.717547
650.793561
256.163086
1537.636741
1421.201357
1595.785241
1099.721122
565.328529
279.904662
1398.928468
1853.525226
31.801629
376.109574
1375.042251
609.030107
554.712287
1712.045367
1849.386604
125.343878
1807.419215
16.347885
1132.504207
1973.191169
100.927445
1280.211191
1504.861047
1507.776052
749.638327
1951.590032
1105.902326
748.364601
589.589038
743.180968
1817.690211
74.679989
657.751299
1923.815130
232.103054
1220.796919
1106.222134
1146.686480
860.838375
1581.737390
979.829366
301.944256
1030.692593
1307.564392
351.969916
598.773837
1341.131907
229.593740
941.188751
690.208912
1661.022215
817.502713
1829.818173
1902.420186
520.376727
224.018602
1801.079011
1469.033699
1226.083508
1930.720844
1706.194735
1652.352188
1490.104963
386.957026
943.735365
1247.621112
976.194500
488.722687
255.715661
1018.044978
1550.067497
696.803034
1532.139682
1835.185242
447.556424
23.954161
158.291747
889.505869
114.311147
749.590113
148.326608
1821.917300
75.111106
1518.100453
1351.112670
473.800816
821.660371
1109.092094
1047.529329
80.179307
664.272679
1328.610963
1417.961427
688.995630
706.101245
562.711097
1636.297886
456.238036
1154.577456
851.267078
365.614691
1331.094296
858.707433
1940.174165
1414.159166
928.570689
819.670135
1508.180409
1645.251348
1345.435607
977.036369
922.170391
743.554179
1501.161807
1946.054815
464.988502
1065.453586
1384.489042
1466.067426
429.694389
742.616377
254.675644
1935.806149
592.626408
540.615288
1754.256214
1023.418712
1043.039851
789.177074
1719.013448
832.566799
1921.723212
1891.808137
168.631190
776.482805
1067.858824
1418.335374
1144.654733
451.303174
486.777648
853.440373
1861.046680
1590.372020
1437.202271
976.959113
1466.734855
1102.575053
717.991583
625.756275
1516.524681
1345.303418
977.556214
390.243471
1879.695450
1407.325000
1505.333151
573.766362
1755.867299
214.329234
1086.906901
316.277189
1544.073156
1624.681565
711.953757
1300.373002
902.482060
1.893170
813.500250
104.423874
1575.431707
1569.036040
524.445324
1355.965258
1274.601170
209.299669
1108.709861
888.462149
188.522200
916.370135
1318.094511
1530.592095
678.071310
1268.648326
584.244568
805.178946
1123.763701
589.553517
976.153787
996.544672
323.840248
300.979708
116.141049
1262.140070
1219.669176
1600.840245
541.757489
40.489093
756.545926
567.732767
875.695832
867.698672
165.382737
1719.487271
1169.412791
158.104967
1178.492033
633.857396
548.034916
1150.289282
860.981702
1612.170773
503.505331
1119.388306
1751.584601
335.972621
1330.580904
1442.208713
781.605177
771.142341
695.548106
1698.552354
1873.284684
1143.308969
1615.934886
723.504405
1313.827653
966.107155
743.395156
251.206570
1028.160009
717.428149
76.102044
559.911964
356.670454
863.786404
1853.045210
779.673393
1622.624580
1988.167955
775.126004
1771.844390
1885.694397
252.109699
1962.022782
177.219441
1737.614380
735.668565
992.804763
1200.934392
1690.185002
1316.708827
1412.320483
1481.768717
1787.746917
1419.895056
723.497431
1210.735193
1617.990296
703.064721
725.965777
1797.890217
1519.127251
1111.653505
698.752982
1386.997637
1463.951029
895.399359
1750.450833
1087.408841
1234.866467
833.668108
1213.526889
442.062642
262.628329
379.571161
1724.006977
1474.410442
1516.895765
1299.076742
1584.221313
6.633518
439.681539
1143.318817
1824.658147
1475.125088
683.082353
377.919314
1635.097329
282.031014
1872.903000
1708.939659
69.013787
1144.490274
662.392885
1961.715540
353.127784
485.908509
1134.684910
1999.855910
93.473026
1019.654850
908.722460
338.503132
675.095692
988.280004
498.831251
1416.991724
1717.158617
1969.083328
1124.548512
615.698214
895.230487
659.335045
897.910034
1466.990645
1603.375369
587.727504
671.644226
998.198210
1110.603174
87.251563
1399.289093
582.052106
327.632770
1537.040603
1234.867542
857.727793
94.417876
742.109194
1496.105962
731.040550
1278.448962
1592.523119
308.579526
280.272259
1880.183352
630.511279
985.226170
937.004501
350.170658
245.273250
399.459674
773.696267
1064.306119
1704.457707
1473.764514
463.348247
1207.861100
950.361773
1413.857669
888.787528
1123.686756
866.711873
511.454021
866.489525
1459.535603
1576.618424
1660.448750
863.672044
1565.356012
687.352424
1374.058329
695.449690
259.516708
1842.385627
1592.110597
653.815884
1010.462220
182.140775
1338.614170
144.429462
82.033588
264.428021
943.716621
1899.306806
873.298853
738.652286
43.883912
1863.610276
191.253006
385.524057
218.256516
1694.962988
389.646434
117.883376
833.478724
1040.074585
1497.841421
893.168112
1065.230136
1325.161762
895.717964
1830.709845
450.582926
1095.524298
1772.608362
1916.060977
393.791520
1987.299673
1304.072038
1596.412653
1814.644934
1300.634009
1203.404012
466.762579
1441.542572
492.155346
1977.461770
782.325090
501.257437
542.418502
1992.173915
133.160678
1185.438987
306.592896
1285.609644
305.769792
1169.712112
409.873100
1741.560092
565.274743
1900.547099
733.602888
395.746349
1731.889588
1805.127731
1594.057779
926.508371
901.723791
850.779371
395.469207
1084.090235
602.510831
865.380442
1497.216243
1483.940529
1261.922308
1923.849390
263.294058
1498.426821
827.688511
436.144574
813.765949
1252.783682
960.352280
46.398958
95.820692
1212.521967
621.375555
828.373899
1471.169709
707.010764
456.183998
1849.805747
70.683190
1352.909799
721.337588
1356.189740
1747.935279
65.809585
1501.132565
363.153174
581.378701
810.907288
1900.496589
1026.947303
1338.980454
571.255911
344.483544
551.718682
1533.268659
684.416459
1587.413705
1550.844286
1295.422571
939.355151
1000.324420
668.768491
1344.449997
485.531228
475.141416
1222.498207
1390.090921
1325.631050
869.351274
1160.027368
1852.230589
591.629421
784.594907
882.168746
654.089410
117.901451
883.849540
1081.381559
549.090228
1621.773478
733.942325
1430.599726
227.934872
1881.706126
1346.149477
1009.673935
1101.042068
4.294185
479.581602
71.380832
594.486559
1898.578775
411.087736
500.334997
531.475115
862.715298
888.365683
1741.363452
709.381461
487.630214
575.331735
1990.250367
1008.326330
1274.764170
1438.067355
1145.088285
330.743812
144.585111
1163.777082
933.902506
1523.593883
1178.876446
1002.471433
891.487662
1604.652236
259.382546
886.827681
466.321818
1609.406610
40.764889
1885.264770
1038.589669
1852.182689
1686.966561
158.770557
1300.565732
316.267164
1395.002267
222.563550
181.151572
327.397815
974.245066
546.722313
1367.016596
416.891117
1676.212318
705.370481
1263.876122
873.110028
1473.002044
1751.059273
31.260452
645.139557
244.004954
1001.411831
577.419744
1692.697767
1888.197565
890.503486
1972.375178
1136.871843
658.119094
1168.229183
1148.479489
1981.056971
1386.526178
684.492229
530.757315
95.395774
1820.386016
1768.000258
1707.944035
1781.913350
1950.755162
115.272171
915.215300
1091.356502
646.770066
1450.120384
197.655197
834.811278
1771.024092
918.195155
1985.371094
1676.744795
1341.027762
413.740558
949.446294
786.153220
91.698959
21.221028
1241.407228
1072.373479
1501.110683
1809.370984
323.215074
584.334397
1330.776074
74.791218
104.174956
1667.813730
1413.909298
1145.841471
1427.630685
1745.327917
1078.131223
593.089386
990.021710
546.581889
624.838572
1307.034578
922.696236
921.789219
1724.373151
489.774297
1019.881746
704.478808
314.303767
1853.570086
1326.865213
1398.742476
1133.904213
1808.721577
1151.778280
634.890230
548.253882
854.387034
1077.187018
446.928645
1015.089554
635.031922
1439.846671
355.412053
0.764713
1814.865955
1379.462370
1193.587354
1295.130927
1056.986284
1688.745524
1208.467953
1268.999612
1522.094867
1123.268137
1084.753781
576.320461
461.674938
330.627405
1363.706589
428.725662
854.024965
236.559711
517.457223
1281.572770
243.297596
834.589251
1703.729404
1053.616371
1405.815066
1031.899823
1910.254947
836.974685
1240.327976
1951.991026
808.344349
161.459534
148.338497
1496.555636
194.463317
918.333104
417.322371
1553.329265
675.825274
981.235372
1410.535786
1519.389341
695.201964
1327.920984
598.155751
881.357449
1936.711665
57.250555
219.582249
802.015804
1586.241462
930.514955
1976.931041
1647.110343
1132.260899
1501.339159
875.052826
1774.087453
1317.632169
349.168214
1458.414113
1165.871232
965.484525
1590.657219
472.576048
1965.687337
387.296713
419.524081
1566.823273
692.493417
808.220578
1774.002915
216.038982
422.149104
368.634040
614.407709
1246.843254
1445.783285
1004.096489
323.104074
756.182385
1882.978501
449.612306
1594.787254
698.731362
1084.672407
440.084748
1805.119400
1303.815091
1377.259700
1125.217044
1908.138296
1848.365511
690.455410
1294.618487
297.620450
573.094840
875.937255
71.022358
1591.986982
554.188275
954.095216
1103.252194
1758.487157
1288.384293
1919.067418
915.079971
1107.946808
1438.433339
1275.496187
1565.983616
448.978439
777.363871
205.285911
607.691345
1069.291105
1346.713700
559.752943
72.723719
814.591023
1466.522700
182.765969
22.895563
1293.103435
711.441609
1839.747566
1224.016429
1253.106768
990.140150
1310.960772
357.293020
214.714371
1945.817009
127.940134
254.469325
366.703375
1864.260926
1866.862119
240.088415
1572.468902
544.466823
340.114232
55.613080
737.792702
79.867835
1751.739116
1151.648142
509.507645
17.070235
415.699663
1652.620704
630.782671
1042.014194
1439.027162
1151.027205
1600.823075
364.374065
951.069675
1254.829114
1862.236855
1856.336433
783.991574
1079.001439
813.429199
1171.010218
524.447148
1477.072728
256.314827
32.296747
1639.955543
517.424884
573.709335
292.248766
186.169236
584.425894
797.584656
552.477993
983.860223
1873.078004
753.800727
408.551342
1496.598093
590.255091
1567.292912
944.521020
1487.612589
864.998457
68.478408
219.608421
634.579170
949.818071
619.024504
1002.711203
1681.597656
1576.388490
974.559064
85.595804
1410.452424
765.084788
1080.015242
147.239652
1031.470245
1642.881199
989.747798
628.383634
1374.120188
1483.366375
1901.563685
1097.719831
1016.066568
739.895577
1745.740119
1905.275537
1987.872313
125.124380
1970.472711
406.831179
1437.030697
1972.874331
1532.155867
1847.697885
677.716156
357.524052
402.254214
1490.141036
