1302.653734
1441.394570
216.084361
1611.660012
733.721816
800.779022
1341.431163
1539.817800
1915.236845
1984.776667
1908.321661
148.507018
890.346257
1825.632774
193.174778
549.910648
218.804825
324.767697
1901.924949
1678.683028
1168.496069
44.946959
679.082333
1540.882052
1051.362877
1344.722734
680.293379
1837.022178
928.539290
1362.576578
320.123925
426.447848
918.316739
382.071336
1091.688495
587.200492
448.948848
537.584162
1684.880131
485.330621
237.158611
1582.150319
454.191289
59.493532
769.290867
607.126599
1046.855885
1843.548409
191.244272
1774.966433
373.898576
294.372409
1685.851476
1198.844126
68.897818
47.642362
1769.377732
1851.121053
1034.249783
258.246533
6.328471
152.563901
1515.029024
861.053492
725.634973
374.760782
972.044523
576.904708
92.237045
1749.525289
1112.660941
168.120925
598.344000
324.399734
130.616588
141.682227
1830.962289
1701.356263
12.097683
354.062978
597.509802
1233.495473
100.173403
1584.638025
339.812799
754.637330
1529.508634
1858.462434
1613.966276
1554.266371
897.609969
601.707675
789.925717
944.106504
734.321431
933.774866
1275.603210
1689.983292
1665.370601
719.519744
890.605673
731.781996
112.923290
1302.312444
535.961148
1063.820839
127.464036
584.012913
1486.438722
758.068889
711.041034
1827.147347
538.803677
246.435448
1241.737000
1052.707062
1833.627730
1776.679327
1749.354322
1792.802414
1673.506364
1385.880827
1284.166366
819.896764
948.911119
121.884152
1137.892258
1363.432438
625.557795
1271.532102
1891.447772
698.413600
954.528919
1560.491147
191.275007
414.396975
1726.478362
1849.166048
1804.905333
177.178555
220.484395
1205.791327
309.523042
822.251385
416.918455
816.151162
261.283932
645.242697
1074.419499
943.233721
35.040481
1980.986150
1031.328671
1986.202435
1034.132172
315.483757
1154.388119
503.199986
1496.151975
263.462284
676.239298
578.061767
314.765900
1796.909693
1096.909555
1688.684295
1117.512859
1654.319007
1501.228904
1064.687857
1935.002080
1901.658803
1851.311998
1962.648531
1559.249948
379.835830
1747.655373
443.835800
1334.972128
1098.216293
592.225374
1142.732376
1703.956479
923.435400
911.117176
1848.845708
795.162438
1212.412902
849.012459
542.668931
1186.732217
1089.820278
1592.100759
664.019736
1581.593624
330.811746
389.863857
797.501838
294.600749
1653.237659
516.587024
221.872584
465.386439
945.961651
1723.239020
1314.120861
326.030728
242.862286
63.738179
271.517583
1912.241307
1713.903318
1454.859924
303.446870
113.856509
940.569576
1625.324445
252.413459
1905.896044
1556.042844
1208.161256
1279.696339
1772.723520
860.517040
400.478395
883.603430
575.510986
859.698111
1433.855569
235.613119
218.758042
822.708859
207.959712
1452.549211
1461.251937
873.758226
1067.338556
302.595110
1021.160563
1299.659786
1512.986571
1823.433296
1105.878465
711.048463
1880.596709
1456.419447
1597.591965
1696.996965
1392.591181
1991.783397
1979.246320
422.471435
1908.453328
1186.482920
1230.680634
334.627406
653.060564
668.632024
1590.371112
80.812029
1662.489454
873.959333
1105.451655
49.855583
1391.743713
1025.163352
446.630915
1468.551591
657.197284
1339.656159
594.323293
1110.636712
445.132749
188.019503
1595.410994
928.462865
1662.817384
1722.101947
1077.213534
1040.327860
1485.558592
952.897347
1968.122372
1313.458081
1850.467197
464.408526
517.999307
464.981669
381.210000
1137.326056
1370.431049
245.784304
121.832931
1320.419168
127.655314
926.577391
1512.473400
1246.178171
1443.313478
1776.957147
451.674100
1670.186251
41.306646
1749.879205
152.471558
455.205533
1848.431696
31.796469
511.776435
833.752774
858.100004
207.330311
1559.970728
960.367758
1280.575477
1056.761328
419.576908
1472.350674
1443.740694
1233.513818
1203.781389
778.060267
437.938742
1064.607308
674.015117
438.178122
39.513132
1798.390236
1013.676064
664.648878
1340.038759
294.493487
342.898385
1802.178885
1652.631937
920.510873
1567.585125
1097.461529
1715.369086
770.612474
132.592446
902.460033
1506.308375
69.133024
438.701071
1213.513174
1826.851935
557.903626
74.104751
28.335832
1251.689247
1990.601883
1852.612140
876.370147
554.255184
9.751999
1118.992673
1845.937090
858.117693
568.988413
1217.970413
1931.331952
369.752743
1518.007439
1120.768483
811.405395
76.155021
1136.430614
1122.699976
900.289327
1087.630605
990.877123
1977.234849
1060.098647
97.248269
1640.005295
1890.595129
621.443736
507.422817
1976.288227
932.633163
1948.980537
401.832543
894.230204
1877.594338
187.366949
912.305621
1570.149384
1793.358681
814.793025
80.337489
871.243933
1865.049519
1844.167128
1524.493200
1229.688502
482.378808
306.763551
1210.332414
1192.673528
718.673212
1839.415147
1472.046907
1193.031501
217.944398
901.551087
1736.239543
1902.264848
523.643438
1997.866135
1154.641416
369.006250
1724.497283
888.320243
1017.446263
549.431532
729.541782
1269.255344
1657.506677
1827.675247
280.042396
333.952836
1550.750810
1149.800280
1972.309445
659.479174
1455.231802
1162.509529
544.925999
1551.933615
196.158565
1063.815200
763.868742
762.655809
1971.980910
506.462715
1865.982002
39.900582
1128.017519
1081.691096
1968.856736
1427.290052
1145.353576
935.328582
1342.849619
120.527373
1778.790715
364.179081
86.482203
1374.138524
1220.385742
1832.875908
1636.632098
634.442740
108.083731
534.789051
807.030147
625.989403
216.434096
1285.418666
1945.184110
1033.002107
915.925370
885.493095
1929.907302
1065.288143
1661.945602
1409.667354
1630.125984
1749.613594
249.365483
1497.585244
1070.225479
402.569519
1375.236887
352.638406
68.861576
101.976560
1958.847515
1015.617317
1575.823868
991.675622
554.132134
1337.263186
245.934822
959.967245
1015.463259
1318.366455
1777.506195
563.816425
768.391807
999.691710
465.359226
1737.199274
1486.250364
1215.394999
1229.395345
1232.380991
1841.939457
83.386566
174.853146
1805.532151
868.748144
148.829571
1508.018950
1918.766370
1401.161395
843.625138
402.666151
745.104482
1631.563073
1843.610217
1871.779353
1320.101075
1696.829195
1190.299006
151.909815
1000.205913
1414.556575
1843.696096
795.769059
11.758670
1923.364158
55.167991
1102.988126
773.948667
465.785667
1235.745313
559.369107
1948.860931
321.763977
444.217866
123.990072
936.197423
75.849372
614.270944
1966.407833
70.847974
246.261796
857.795833
462.952356
1098.582016
1141.698533
143.594001
665.125851
54.464109
1685.198636
319.786990
1536.691401
1843.776109
316.691620
1574.687140
1128.284463
238.255324
996.802847
1078.293012
1607.295163
1006.938312
1336.595306
1256.990453
42.038468
1221.693774
1122.402052
1070.569501
1993.451360
676.459252
958.813104
228.798311
1125.085738
1575.941734
724.664623
1562.963681
204.782723
291.652955
1279.417791
1551.556471
1429.457382
1333.839113
1740.974430
1587.595190
1824.976716
959.223455
1921.234082
1055.656181
671.342251
1871.828708
872.796176
1487.589796
750.213423
465.797602
172.060514
397.835353
1799.652806
898.976683
1674.663829
1931.594913
1651.414233
105.320369
737.144170
120.892436
951.517549
298.819544
1508.126069
1298.250276
1083.921629
27.800352
834.630151
1995.848081
351.413908
109.992947
696.806489
1886.122198
1480.738754
1145.243030
941.859771
1360.549058
950.994139
671.603134
1792.275696
1503.246833
537.170767
260.312231
1025.445189
1446.700724
1399.096473
229.881061
1911.025770
945.146659
1036.874241
1572.864244
107.118984
1808.089214
1247.359221
1586.370910
1636.604174
349.008424
71.470797
1022.497318
941.208125
1769.933350
1169.151160
1613.020545
932.589124
1112.344298
1236.757954
610.247083
691.201259
1951.296306
1246.518044
1473.707194
221.800183
1059.188216
1173.463211
456.005003
1252.500706
345.723073
111.756182
1401.834786
1284.015053
1297.656958
962.066974
77.183649
1390.105044
1320.249196
678.637224
80.524591
729.046965
740.023380
1565.908668
1710.149781
1686.550894
1524.338937
1486.938921
1326.502698
239.581143
498.684635
1191.471217
1442.104563
465.648214
1215.509687
1017.089706
1418.163132
1755.052994
1092.406232
1506.866821
783.623504
294.606107
1552.825657
50.814625
952.679200
430.331205
250.077161
534.270892
1436.104056
326.735859
234.930705
1165.870210
700.276271
157.296560
151.875265
135.929502
1853.250130
1876.208176
475.346823
787.814710
776.531609
342.843983
1888.196240
391.602433
1934.869276
834.679203
1050.254559
1779.839429
1047.989229
1023.994930
303.242173
55.165261
1891.197909
1864.318391
900.085682
1682.969142
1287.399486
113.067616
519.263029
875.450232
627.472771
250.014427
1483.144617
1524.335080
395.555978
1363.986798
595.809957
1743.964608
1963.992407
682.199053
1617.737374
1125.151053
804.258715
355.982662
917.728309
592.175079
526.633089
52.337417
1387.211425
1766.230841
402.442501
688.546091
1412.118146
1201.074904
1450.218501
1884.298089
1628.508939
592.563130
40.882172
156.225428
696.874848
1634.028944
1288.826319
1904.891152
890.660993
1738.226297
733.654958
231.746259
581.690975
216.591491
605.454640
1152.575303
1102.114389
100.052317
1754.684776
551.147515
350.165921
1948.741974
289.631367
1508.806019
700.264697
500.392602
940.531647
980.012337
1289.413666
1192.908456
1425.473653
145.995197
629.386253
1217.573835
1840.821029
390.240916
1583.865653
403.865923
163.966622
494.344766
812.273055
191.810616
1397.371825
1378.251042
1562.101838
1845.082781
1754.669503
1887.906925
1492.110956
1381.300543
45.730971
1716.140617
1800.427678
1815.160041
1362.956767
633.620626
11.379649
577.969765
858.586020
441.432469
806.613890
643.909480
1630.297551
1612.443560
1310.993861
754.254990
1032.249858
1500.616764
1055.980598
1998.737646
696.910551
912.991057
1274.894676
1397.674688
1994.305579
1025.308928
1295.424053
1020.683811
1236.535476
1596.644827
1387.812781
1146.257319
1651.855987
22.479564
781.968880
1603.531344
18.028409
699.376875
1531.798495
421.118234
247.598668
1391.233839
107.084854
293.406987
639.375651
1194.449634
1062.439884
1944.234397
499.874289
1914.485270
1231.037647
1678.609100
1600.050840
252.492593
1865.459309
449.651586
1606.734210
1329.145526
347.114362
1336.537054
827.501020
607.379151
1392.417337
1281.994792
567.086526
963.490714
818.446180
1146.125934
1439.537869
8.322817
908.621292
226.065630
167.776277
1866.865937
1067.885089
1135.514657
1956.127771
749.651246
1358.528810
1536.287540
1411.793830
1062.867745
682.342645
238.556706
1625.909925
838.962406
614.995570
766.176809
1526.859828
431.612129
1864.737018
814.180475
943.170335
257.074892
1198.170075
1440.551411
550.104687
1438.229404
334.737832
642.151997
1215.842095
477.208122
930.820806
429.266362
1742.621970
1245.491245
1122.365628
1233.799068
1165.465801
1293.541711
1001.666020
1520.775740
1685.562172
1972.489626
232.149520
1216.904850
1311.073166
39.805614
1573.912081
1645.193725
220.961657
402.006449
853.295025
1924.636666
1933.899467
373.237330
904.636701
1589.349384
1788.943984
1014.890975
1928.444994
1315.821886
1574.766176
62.741440
1020.530145
1908.973972
505.444549
862.278990
195.161781
171.708057
550.276663
463.242730
1464.389904
549.145367
1540.128518
852.540693
1541.048862
453.544468
1114.217474
1303.181563
949.122632
1546.513338
1156.893161
518.469573
1192.900794
1653.977615
142.615456
1094.335057
1981.027586
1998.357627
323.711336
1181.184646
1235.286108
1268.651866
1414.139782
1862.415384
840.497682
525.520139
136.059980
1780.089841
141.431751
260.911479
1354.101266
450.261494
18.149744
186.847089
51.291826
954.557767
958.505395
751.229510
462.861680
1924.902697
1799.126409
989.108260
232.164922
607.261207
1748.891630
263.897129
1253.476731
1202.067997
1697.090585
617.301640
426.831487
96.029388
1459.897566
1936.084476
173.199435
1824.033703
157.984974
983.524878
532.330777
766.832672
724.667465
635.880128
1565.602540
1562.691011
773.119178
27.121792
1731.872921
1406.704876
282.796028
1897.494354
1618.311315
1359.533243
951.829707
963.459648
1167.774971
583.321177
1573.000316
509.811324
1779.749370
608.664679
920.465832
1495.756222
1771.361802
650.676293
891.056466
129.074573
7.609203
1047.323574
53.145379
201.482366
1507.671264
1428.189260
454.914171
475.265279
1453.608534
651.311971
924.974741
902.978365
1818.483853
577.509415
949.597005
864.572875
1885.624007
1232.039057
1471.163952
1988.816430
386.091590
200.754376
279.661227
709.294768
803.325527
1081.426956
685.155142
1145.796560
426.372329
1488.112115
594.619697
1037.653534
152.418487
950.559229
321.194325
1179.546985
902.277143
90.735868
1247.384683
1746.053066
400.742123
1365.441385
317.097971
295.028505
715.078706
133.249701
402.675119
1194.253516
848.305727
1710.694807
350.279682
1246.565337
81.388956
229.210203
4.891202
1222.152440
63.011926
838.825116
71.375968
1319.541178
1670.008406
505.070358
1852.936668
1341.415336
319.128244
538.121727
1086.253720
1885.896426
594.507506
1531.990396
679.487861
52.605845
193.716197
1489.823222
1857.586634
41.086521
624.813371
979.162629
1346.328081
575.105132
1352.552287
1619.994018
825.693054
1584.297597
799.092144
716.303598
1732.096669
640.471623
1004.386713
899.028210
1023.875552
1477.176423
1760.577198
1647.756672
416.767412
514.379552
1956.396023
751.223620
89.217213
904.450039
373.061208
438.548437
1607.143913
1465.144965
706.320024
1922.100706
1051.787585
13.231460
426.537993
788.796884
1567.365310
430.888953
1386.469358
1312.649434
639.772367
1493.269394
837.872194
827.925531
789.710617
1061.552704
1799.932493
173.184708
434.497487
1766.536343
107.217513
783.146154
292.689679
342.709277
726.359959
1150.085760
655.751827
755.881552
632.394958
1941.479781
1022.845885
810.484161
1855.960444
1717.403729
486.478244
330.049591
1233.713514
505.636030
1603.510959
1092.804761
1580.839482
1890.780710
1448.476011
648.729629
1185.451836
356.007796
590.993082
1454.186885
1351.148721
1824.369508
1738.508491
1602.341093
290.380773
1193.963459
470.522253
561.166562
561.848368
921.102547
1059.078173
1215.691496
124.244173
1285.464837
1434.007556
143.274763
1128.078342
1976.600739
1654.865822
1350.011677
1577.378492
1298.722717
911.963290
1045.210332
201.692580
1181.656612
1788.186554
789.650713
1283.851759
1210.031664
1435.067351
1779.257351
368.140049
838.006102
1317.485040
839.429070
739.226345
229.723377
1688.831376
1784.480100
845.095719
1758.833879
1393.906695
1860.462564
698.825624
181.818991
435.251055
75.771227
1035.031719
591.431238
825.256669
1566.749238
399.911353
1409.324084
1134.243163
1379.846015
332.295437
1242.998367
616.332478
45.501224
114.761522
760.097058
1638.957532
568.989743
803.601884
1819.465777
114.535523
1175.794281
1104.380493
1815.415996
1966.459935
1348.772974
223.313230
1805.658028
266.761841
1221.999694
880.045536
514.418518
692.438972
461.218344
1348.680736
1868.241595
765.070726
1115.604340
337.818398
495.089479
1470.204959
1898.276836
578.180813
28.653269
739.630906
773.889533
1209.528178
1239.571319
814.986817
317.588187
966.908308
87.268808
1539.728709
1977.162375
1251.115736
154.724388
1317.768966
724.833070
12.626060
1498.364152
1466.910631
662.256362
495.465807
331.777646
1284.760487
1334.112259
1609.916465
1318.769964
1501.943965
1239.482657
389.550407
683.230845
1493.004028
1370.609873
752.533151
209.737770
846.477482
599.803801
1497.089907
1908.429682
1053.524316
538.483528
432.254991
800.933311
901.208808
846.850398
1747.082093
495.658266
457.509238
1810.074013
512.478211
1403.185354
1732.258626
376.368445
295.120009
1060.195297
649.616385
1894.384346
1761.135468
929.121752
557.848498
361.303301
1441.568231
1983.382471
865.708018
676.407032
1352.751011
376.209290
218.763190
901.870623
1998.831711
1362.352126
1765.448271
1447.470406
700.706193
1606.883057
235.567283
1825.213423
1133.592120
1338.511171
307.200447
625.752579
638.664700
827.028265
667.699660
1246.606333
317.607494
131.660808
639.079114
135.983402
1718.244267
1826.717804
1234.862406
1463.386488
1740.387265
862.772472
1413.923256
741.696285
746.212271
1235.770658
416.775654
1752.023862
85.001993
403.262188
685.361434
1931.341738
308.311527
1966.099941
1954.954561
817.302850
1451.090803
963.219522
1701.428255
968.979784
514.731121
1602.148589
756.873455
738.930031
1424.435783
91.379296
1435.724440
876.934653
1665.033001
1419.076109
204.498549
1214.072155
269.747936
1903.421045
605.867422
1679.692480
1995.490245
639.897280
513.650261
1401.899475
983.540730
1597.168900
402.826971
1794.329313
1783.551051
900.048947
577.283401
388.270153
208.863975
1896.307415
979.838479
479.227749
1650.983756
1400.171541
78.380094
529.235829
942.535692
1694.293989
1717.213265
567.898606
562.525083
1690.759364
166.261145
1714.430410
1291.916904
472.344842
1559.758001
88.635865
1535.958472
716.988531
499.517210
105.515837
1459.455423
1283.753861
985.495925
761.302322
1963.163701
185.760669
1757.290660
752.297589
1713.269286
1215.241244
388.391346
989.142791
1236.872198
1843.631636
323.508599
1985.960113
448.166864
221.815830
230.908555
1882.312186
184.943299
915.258290
1427.856564
1650.236327
1582.824774
328.106067
1888.529154
436.522826
1931.777770
104.481003
1326.858821
1232.822025
1775.968518
397.339166
1353.175922
1730.397407
673.886964
1378.959803
1223.791872
628.031322
367.882431
513.343676
1148.766361
278.531864
1630.818244
403.818177
1738.983550
1782.307450
144.665860
1371.337392
527.760492
1461.387764
1469.152724
1956.764667
1981.965439
1290.729117
712.739414
1141.543532
706.168952
1906.881824
739.195660
620.848629
1584.444235
665.634008
358.459394
706.532995
1823.177269
1365.395375
748.353496
1402.962834
788.008942
1114.828956
1958.381564
868.511396
1217.511432
1072.240130
1490.338187
1218.925276
1190.999494
257.758248
1544.407690
1213.478807
987.405343
306.148345
1411.947894
1923.543174
1096.536230
642.583287
1731.254694
901.725762
1337.115732
646.300134
64.050172
1930.271088
908.157993
805.308629
1133.051475
222.448217
1343.067977
733.708018
1406.877732
650.266345
1292.396612
1184.147702
1905.897585
547.600655
1179.392416
17.654897
1874.986609
1227.592317
1567.586904
1846.095437
1987.958972
1921.504158
1821.578681
298.698074
1865.866667
1400.088278
969.853806
629.480731
1394.910137
858.535975
1556.243887
821.375000
1955.932861
571.369855
1374.997782
111.549986
19.102977
972.844608
1384.344676
872.049427
1675.888021
710.520585
1324.529511
1683.891267
1463.664399
707.048836
1434.958061
907.854092
525.133021
1461.893938
1125.970208
645.471400
783.433286
1236.721516
1269.833266
947.406314
1309.360568
1410.687052
1189.660761
597.522504
209.810819
1032.838796
60.143545
1313.984062
1938.462913
141.749148
875.707010
619.564717
475.574965
188.808608
1671.417021
1849.149870
51.943301
1579.297343
138.282408
1601.068145
626.082712
502.589785
1686.251310
681.464288
609.162101
1500.232583
733.186534
1776.816300
1892.784601
743.915392
66.802990
1350.487500
1942.333850
467.505227
788.712030
1137.078256
1683.975144
356.039161
75.835453
1041.427235
1125.623473
378.888800
892.456511
0.948638
437.640864
1210.441626
615.529198
110.696865
37.258790
1839.159684
1603.268358
1772.946503
1306.772427
1851.287030
1439.414896
412.121688
1833.525901
1431.056262
1286.815537
697.317110
1918.848754
442.788417
1337.937218
943.144992
438.969373
1826.792943
1813.480722
1046.929591
67.564308
1658.141042
1983.292770
1186.113414
1952.958087
1505.338592
1225.185172
1002.756119
1256.035743
1304.508327
652.475186
1150.408635
242.383842
637.764757
1918.381667
1733.334573
1316.063631
1037.062378
1462.088336
959.817928
1066.562162
1739.066209
878.733945
1360.622172
23.724574
761.896033
757.212654
367.379021
843.937235
1968.079230
576.061587
1416.703067
941.784290
1883.212972
241.453558
1960.725795
735.657131
477.443108
1235.398895
394.270288
1683.878836
1853.435432
0.580460
1572.953666
1461.823981
100.830672
1297.767506
487.176397
1603.241986
255.873233
465.762433
653.277009
456.180715
157.784997
1420.924787
1479.815293
1149.255057
660.278067
1943.038187
1015.670432
350.378632
204.095122
738.770944
1851.922027
411.351212
188.543557
1292.413834
680.481708
921.828607
479.598520
1765.927509
914.131240
992.727440
400.306027
103.731686
926.369480
1054.106123
762.211393
43.944029
1462.915727
452.108304
268.064654
390.903395
1101.452860
1683.547708
1303.396485
235.108531
1667.199100
1268.478486
660.174621
383.690994
1245.735516
280.004232
1040.549695
49.766956
1879.936485
1121.110580
1343.015630
1727.142662
106.521136
636.516958
826.353737
678.006374
522.304339
833.584253
1873.294218
933.034769
1078.945311
1348.802474
109.755708
1689.680885
530.274122
1949.761598
885.787448
1410.596811
481.091289
1041.049936
1548.554341
176.425171
160.778050
1670.156400
869.828281
38.760173
1326.528957
1121.213330
887.159448
923.137258
391.747267
1765.895040
400.544681
1759.156069
688.195789
1588.049910
524.945305
951.949773
239.120364
617.880075
1538.148837
1882.312222
609.213842
216.104322
915.250259
527.278587
648.874213
175.819200
863.722046
573.838341
142.891361
621.013335
1139.267566
125.714494
921.659647
1713.965945
215.129548
1296.936926
1849.967639
1608.370846
481.248287
1188.744593
1748.915006
821.637572
394.925897
739.184225
1297.892176
764.812107
56.410441
1830.010113
725.509279
1105.871229
1383.055099
5.737489
592.325148
961.715644
1334.145401
690.576997
1265.016459
170.217150
1731.279773
548.345124
1114.047383
1488.403850
53.931721
19.033217
1593.052661
1021.951944
640.137098
1168.725251
838.353662
778.165967
1876.059499
1000.626582
1164.131855
1256.987323
267.438047
1007.602954
1333.250586
320.446398
1940.810143
1805.415231
651.361867
1875.623706
1407.314483
1887.256368
1773.196525
782.843587
313.466843
1978.971198
1249.246775
1755.063019
1347.376715
449.477910
1283.019413
8.260622
276.623084
598.382034
198.819634
1905.025813
680.495197
1974.782100
503.980026
1579.899909
1302.636930
1457.826169
838.489720
1194.746437
1013.796051
544.581312
1812.986438
1320.854210
1411.836016
352.612863
1990.600843
1795.972070
238.894364
996.680904
1034.834793
868.803417
1222.038318
736.198191
1135.862825
414.569345
334.176222
1951.539750
474.139789
982.678788
1776.936393
1976.053396
1409.970427
856.043358
574.815552
1819.953375
840.035479
56.669467
458.716127
393.691762
492.975252
621.464794
604.716038
334.065613
334.167555
700.445354
906.603510
279.482770
987.300542
1424.433924
1646.510224
484.989421
1861.156896
1244.500829
849.058415
551.771906
709.345110
1922.611481
540.205124
1666.991993
267.401582
1441.013574
981.706211
1954.265723
1605.430495
1340.606150
907.670980
130.812846
1339.515885
405.267722
305.350391
1383.676666
1244.928046
745.572701
1765.519961
514.956073
836.624198
560.952659
654.747775
544.959139
389.096974
744.466707
960.468621
650.309216
1875.783415
1373.833374
1945.344343
1711.677287
580.324725
629.200031
281.411948
1211.019649
890.587377
787.728223
1428.082768
190.562257
190.985837
1088.535002
316.849551
1542.561636
656.738749
724.511791
101.991333
1727.584006
178.409263
89.639150
271.875578
1803.968552
493.553345
1424.239099
1032.381980
1934.339399
1969.370174
1957.438846
1289.407860
1875.926885
1832.870494
15.809677
1834.516989
1713.124713
1604.937516
962.577285
22.530826
1592.302927
1432.059833
979.088879
657.848790
307.265085
1823.174371
115.742230
694.441722
1013.902151
1353.746020
371.461883
1887.965534
333.850272
1126.301504
850.602988
416.117953
1089.004957
304.695543
852.159059
1320.564967
709.711894
1085.626269
1336.330233
1949.527913
1839.951803
645.740239
519.484711
455.899356
670.916425
1577.795293
1234.614664
1389.499919
725.330339
1318.705013
1682.161355
1017.989073
435.533778
1119.570563
1005.526271
1355.177371
854.404378
174.133443
761.183680
1400.415687
1726.213887
860.935694
806.420290
1153.727819
152.338595
773.976214
43.834686
435.785779
500.323275
1386.626562
1037.915123
874.636527
1292.434277
1586.000513
1479.263707
490.471134
1355.016223
48.409127
683.916258
2.696362
729.489595
998.556563
61.543642
1659.296984
1831.839420
1120.698710
349.120642
1224.067100
1156.508901
1987.432944
1288.726599
992.090582
526.837777
1084.268073
1911.374431
1941.206322
418.678193
14.888797
211.729647
792.362229
818.279353
1548.261535
1943.687009
1587.032123
849.231962
889.476665
183.198010
1368.684618
1336.080548
1513.314469
346.861568
490.853067
324.176189
1348.670793
747.683384
613.960937
449.669602
184.143851
867.283744
1786.685595
305.734213
1251.788674
1373.982776
1215.100844
613.920792
96.180637
1895.404541
590.630959
1527.021780
199.230317
1936.356041
1402.966636
1807.823291
262.867062
738.818970
402.124149
529.643066
1710.025911
1212.979676
1093.943813
438.198499
1166.451231
1062.494535
421.023040
1112.413356
1578.195650
1272.118654
687.778816
573.191624
1763.084237
457.119997
1641.783574
1179.763279
34.279472
1090.008558
1505.535854
1972.049343
1419.594381
790.920885
1482.318336
755.990433
1397.585018
1078.174077
376.795982
1130.115776
208.470473
636.753068
1429.318699
1739.467035
1231.054038
1056.271225
618.023595
1159.255790
93.791134
1481.146380
1392.194131
46.711872
248.258687
1649.318586
1288.270064
1512.012388
211.758076
354.677428
804.975017
1499.677217
779.996887
625.211229
901.609216
1821.229355
460.534934
687.401691
747.357982
79.775332
887.184624
1907.055062
1072.213480
1640.513144
1731.573120
290.946024
1120.499031
312.096407
1608.070054
964.888946
1107.404307
1146.083170
509.482831
1307.723055
720.663963
1673.983248
347.677397
1005.944123
1674.821275
104.950602
308.172417
894.526715
263.988346
498.183019
365.734896
501.794422
75.724394
1790.002358
1026.197661
126.515126
964.496818
1423.309484
1906.502877
1403.256479
1268.060538
1103.732436
1610.674657
1015.667651
16.636245
1993.581042
1083.528759
446.378968
1817.435135
1106.153346
1953.963108
1511.778177
1895.081516
1999.952968
1876.835324
1765.039599
1560.235962
1483.096156
1164.615126
573.488542
1672.849243
1091.117176
717.496531
969.219918
46.353472
596.042535
282.067275
1685.744479
431.045538
1404.476913
1610.456031
1954.073444
571.456307
1535.769446
1284.861900
1943.700080
1576.688833
45.695327
568.221913
1996.985868
1433.942364
1134.112723
1408.905263
1921.469861
1674.301915
516.076456
275.242815
1084.540203
1844.168866
679.388104
126.175781
1744.806168
1790.543799
530.853139
1679.457493
742.255704
458.668985
753.570269
1532.076842
804.346906
333.237644
1710.442718
1926.896100
1314.910538
432.070507
1872.303842
387.092392
68.680855
1892.152948
1921.373764
1665.252037
73.555341
99.941047
1756.444677
749.835867
1190.852191
1372.551975
1126.947259
758.511525
260.266193
1210.911926
1399.858258
642.184857
1652.955716
130.350511
841.583517
445.615640
386.394286
1263.420199
1816.889618
898.671058
1496.998299
174.624282
225.338996
704.615573
722.568847
1387.924435
1017.315403
926.092102
96.124373
1397.287645
1975.934148
1294.096123
159.237416
960.516694
243.879011
1643.796944
1225.021846
429.625534
1065.423478
181.289611
1698.548027
1825.182701
1832.533063
1653.623379
1819.393571
1636.282201
1941.836896
122.710222
947.607876
1023.054661
1636.861938
551.173965
377.322173
457.159528
248.118699
894.942627
226.266409
1021.869459
1010.955594
819.336585
1170.632934
1153.138765
800.885273
603.633057
1685.311211
1268.750107
1529.511952
1600.539591
1813.861052
1436.071643
1000.054736
227.103193
1505.698305
684.663741
828.909409
16.839163
1997.887208
813.165449
1893.285339
1292.837068
382.617177
1626.092756
1687.211628
1242.974623
1904.299975
844.410537
1051.501195
502.722092
1554.542026
640.840797
672.067587
1029.532948
359.533575
761.264981
1476.747248
574.321282
1261.330615
1141.219024
1040.811134
1846.056617
766.206873
298.295257
342.202906
1313.392105
61.796541
531.189861
1357.626808
34.571905
1396.149447
907.054742
594.643700
1022.775897
1003.191528
154.617690
1759.348905
1628.569383
459.304697
1270.462729
1321.690176
76.287400
1954.483540
1557.042486
1825.712779
357.519236
1623.524852
952.513401
164.373528
668.544015
1637.179732
338.708733
1054.590668
835.709113
711.924161
806.134657
1930.547412
909.388129
1230.174015
1974.024099
908.736643
954.631724
857.205247
1823.069279
834.428895
1926.579406
1783.021321
1434.263482
1053.093262
900.032283
1807.303102
1234.740706
1753.713563
708.188474
787.515308
564.182957
193.444245
1989.736324
95.701543
813.046609
727.494585
66.902546
1414.023525
1564.888523
1241.852450
1718.379005
1796.244618
1358.356031
531.085774
437.319237
799.527348
1329.303499
39.612335
1777.827152
830.712501
436.993045
1251.907690
1957.608431
541.086231
773.968259
1486.766652
571.312303
407.587611
1718.795151
1502.873718
1875.823329
646.616724
230.207702
653.236579
337.620524
405.826643
330.331516
539.092120
765.112955
224.033972
1422.504176
1544.060425
195.461277
1547.604513
610.197986
1041.219390
1419.135873
1388.192991
1281.105838
1885.412898
115.503422
1300.935680
384.250053
645.229236
320.723863
1224.575962
1654.346679
712.929464
1254.203164
1410.872621
1528.428402
780.536407
1440.720341
1830.709997
1458.411734
1604.192136
1759.127412
72.929626
209.920170
447.959186
759.318152
1848.425502
966.093636
765.189340
1123.053458
324.580365
1575.332913
1516.414361
1761.901851
899.634374
964.833737
1243.943906
1436.981420
49.134286
1675.411098
1473.675939
1352.180277
789.084833
854.199219
526.102282
1469.591785
1113.101227
145.942376
21.073259
200.297035
667.075543
1510.629796
1845.056613
420.824481
234.977762
1599.537213
92.122411
830.230628
40.226820
1095.243521
1962.273492
969.306727
1180.070115
1236.516393
203.577749
722.006017
987.054245
1747.477328
4.268463
884.941809
157.426877
1991.630185
1908.843530
1932.445299
1257.090984
1536.775660
1226.535923
282.270786
64.791853
865.811848
117.227114
647.972132
1229.353920
1301.069784
743.974003
924.688264
1782.216324
882.959456
1475.576690
1033.368341
732.201582
771.221480
1275.056762
1916.570057
950.268599
21.969622
601.943957
511.646820
1191.818700
1636.187213
985.801855
1483.646008
1973.740214
1953.669199
1663.760229
1495.237015
1689.864545
1424.374540
41.512767
708.129208
991.451693
1201.217132
344.087104
1584.436218
642.461511
1818.637286
1776.202448
1936.054587
587.207920
512.784617
1720.412125
1717.189932
1476.672486
626.501250
1254.415135
976.790132
1439.354821
895.719399
575.046034
408.458303
1123.975636
1385.853732
9.614315
1412.979656
79.782857
1551.863563
1160.737208
660.664778
1237.919237
314.032814
485.186889
1768.391750
1025.449310
504.715211
1413.186245
1228.140636
1057.213361
904.336895
1202.005662
1329.345075
527.538164
1298.149523
479.165335
346.468869
927.844240
1006.795393
1280.962009
1688.748466
1541.586745
1814.548540
127.671205
1551.256043
374.379990
1132.546810
532.454916
1918.578768
1234.286752
441.163178
454.718342
689.277468
228.738810
868.275850
293.923117
1412.671830
1541.371841
571.796408
869.013652
1208.173615
1612.774239
392.048625
1497.431263
413.108847
1536.638692
108.371054
508.340509
1749.033346
1878.476149
354.160789
1326.260274
1213.786668
1359.545603
714.364963
1100.805157
963.406197
1830.107502
734.603398
186.751639
527.885175
289.488063
188.226669
418.401135
289.707781
858.584925
397.870155
1081.570996
21.802564
467.077462
309.548199
200.726282
1388.759585
1017.448871
45.383901
1488.585024
355.764143
1117.792549
532.825381
306.303190
1784.374442
1412.553685
1100.298739
1624.001553
200.684595
1635.917839
1003.518712
1621.245474
1637.322541
890.476623
485.681850
1813.056752
1440.047659
426.622335
766.065906
475.221231
1670.076600
1104.690354
1943.986441
428.295174
1233.538380
949.236792
971.626095
1727.728586
493.471913
557.926876
673.383254
205.206483
307.396471
1880.164636
1773.388399
250.664308
1311.115208
1890.970124
446.106059
1577.189844
53.585903
208.251977
554.302604
185.448340
712.834396
876.149551
1154.722006
209.273968
1646.932853
267.212480
1967.311758
247.687743
997.915651
555.409621
829.610303
1628.333316
905.754092
1938.728946
1230.738489
90.809120
355.523477
573.231412
302.529202
1850.099041
1854.892747
1252.872853
1651.981070
519.234907
905.274119
366.830784
1961.748183
1563.380051
1371.266403
1539.827325
372.609112
1597.969632
134.052119
769.567208
1744.301699
1895.326761
1302.123901
1282.573767
514.972720
594.437603
1839.531701
140.276686
1926.533340
1165.032859
1069.414807
418.355232
1503.244527
1782.513658
856.862620
25.273317
160.863859
995.427351
148.400014
1246.246148
923.707035
1682.104535
267.377882
1698.685578
1584.066171
724.706611
1078.835648
1312.891658
676.466516
50.837454
1559.604221
343.724864
704.528040
1153.306383
186.724391
229.454108
501.350172
1829.402912
1384.860099
900.756525
509.683258
1966.820207
961.809497
1433.375140
1830.282835
1329.624926
709.223173
1443.637535
471.153494
1650.621705
250.376809
616.979984
605.017305
322.075074
467.087577
593.397011
1471.911936
1239.607245
1813.824670
1764.143086
1208.602683
1245.944920
647.996532
222.160517
1500.370350
343.450804
255.351439
639.825674
1409.593455
1891.565034
620.602990
126.682343
810.399453
1345.566495
1452.851894
1848.749368
1825.520720
455.576583
477.766526
571.440012
89.034824
1149.855666
339.191767
11.085356
313.257023
1091.906518
1880.498494
1338.431626
732.216640
1249.490739
1541.249747
1043.024189
131.034965
932.557595
613.068797
1901.120097
13.423814
1550.461443
1567.231393
1532.110182
334.753688
52.500407
831.190472
22.277870
32.572758
1899.173703
911.407257
1765.165413
982.757324
347.483202
946.961286
611.617878
277.527214
994.436797
1066.757503
644.054105
15.369310
873.714311
1367.409173
931.583454
295.139497
1200.242392
1108.246946
1927.610828
1121.186620
1714.924325
1077.984820
981.836234
1051.087385
1528.885759
1432.168510
530.704697
1767.278402
545.562762
1061.670510
1724.274548
1633.594009
1415.576946
105.657530
256.770087
1875.436685
1127.500374
1345.681733
1200.653017
404.900624
1259.081366
833.065469
511.871189
240.893725
1009.122326
650.051650
1019.776833
1369.831779
881.796329
273.990357
1891.794147
1002.400972
1928.750693
640.127083
1673.336912
499.046400
231.404978
1726.873003
1787.513204
842.951269
1369.537978
508.308326
1912.820901
1360.920519
622.835524
350.981041
951.366130
642.207609
98.853390
208.442864
1007.742252
295.097455
219.734105
748.489496
967.981517
1478.388772
1483.636088
1321.509296
1275.343777
1760.706857
365.472704
860.692838
133.477318
1531.243981
1614.167888
850.955157
1191.838984
838.186873
426.299390
1425.227550
694.315668
945.089206
52.219846
155.909747
939.464995
712.612784
148.528231
1223.378832
751.776223
134.778085
1335.907408
1477.591726
733.672471
381.646381
1513.385144
1235.569266
1583.627842
536.626930
735.998692
8.803400
1705.547744
1069.666497
1929.035022
59.114375
1581.120835
1442.304790
943.513739
375.538503
1848.236299
1279.887791
1841.509254
328.175514
1841.477489
1835.557967
1502.011797
804.628476
257.117691
1647.908933
895.068997
315.218647
1618.822487
1619.112552
224.463082
357.400203
3.248413
444.601891
510.622296
369.855259
1437.006926
426.565840
482.697215
551.297069
1522.288935
1562.543673
562.813258
1595.513473
876.295345
207.562001
110.902639
90.410377
1224.100974
1316.795678
1067.591745
1133.155678
611.047248
1674.402989
1075.732569
1114.902657
1379.849763
993.623092
143.183860
1785.264257
1308.906368
63.476005
1973.001227
1068.383387
765.013272
694.354245
213.426711
722.336053
420.962733
510.278306
1975.631612
1104.929909
217.881749
1419.304562
1645.703070
1247.122580
1135.542521
737.065563
1983.562194
245.470616
653.320748
894.595399
1384.843864
1836.259535
472.006884
1928.863028
1735.259107
933.409765
1579.904173
721.881891
1304.304478
796.879902
853.304300
1287.366888
862.629730
883.240638
1441.964087
350.572049
1553.947273
1470.607906
1320.816484
1994.446313
1801.216082
683.919450
1207.127103
1984.369896
1989.406019
1627.816053
352.341594
1786.005439
438.901272
789.455447
1923.261010
1235.739270
1611.782549
711.457588
1097.347500
646.049600
281.798817
1357.792857
338.945934
1759.682294
1047.477255
265.395650
1746.875104
843.231242
632.566688
1322.927391
1117.968892
438.561357
25.450673
1713.663518
494.575610
1379.744464
1375.415351
1281.830635
322.729155
716.683829
1110.998705
596.302327
910.380415
276.407418
502.681589
1318.125108
199.986824
540.766394
140.399504
1538.934110
48.164740
141.666066
1172.022851
1425.301551
1945.160918
1806.788468
1909.250454
1052.428824
808.245935
273.976109
1402.389085
888.772967
1471.142807
291.731062
187.894858
1564.740376
1398.166487
1682.281950
1599.197497
343.789593
1790.716156
343.622359
883.280291
1629.900993
731.952025
622.528957
1507.368400
1488.020546
338.532167
514.537132
1786.848265
796.193844
396.034038
1859.136450
1806.717350
1504.096158
1308.252203
1230.963697
1850.578871
1216.031642
844.529820
1818.277934
1952.216492
876.332621
1095.755484
903.041567
1310.799080
1789.766265
231.932804
1341.445220
1374.685681
497.009912
1802.057446
1740.482024
305.873434
1224.690071
315.963856
1360.670505
774.316781
1325.597262
1981.430315
398.583935
821.261576
1270.908299
1120.884763
952.103077
1926.158202
1189.309226
352.010079
1667.850136
549.190046
1263.680136
650.696532
391.621575
263.866498
1990.256779
577.043298
898.035692
606.156294
1791.333834
1505.167943
1003.534891
1467.393836
507.228960
1679.099576
537.334915
1747.786146
1394.998564
1620.423383
81.334964
125.524334
1851.743501
1832.075677
856.291328
826.782315
1822.875278
1025.937406
60.889484
1897.039433
1931.174037
436.926898
300.657832
130.006337
434.297854
1134.698615
115.626609
1126.706820
456.928952
300.607448
145.841151
253.737244
1523.681926
331.488323
357.691412
864.047180
890.640061
1462.478663
388.983874
695.168252
1892.551665
1991.532141
1025.771666
1392.086579
928.040623
374.038573
1071.781680
1126.877045
1518.418243
1769.543225
1480.118470
1943.725039
762.525149
1500.860345
62.456076
458.517040
447.369322
174.990874
1124.422115
1741.851356
1611.404523
1940.240987
1741.425698
1855.458810
131.080507
1378.109338
1023.436976
1183.768228
1617.925032
1124.826618
1622.722720
414.494360
233.420853
1174.109609
1664.889691
934.458118
1541.736990
1591.270213
1824.049222
92.345294
1313.212012
985.214919
595.381730
930.236550
1040.181667
978.626067
1795.677939
453.215392
278.283813
372.532495
1457.378504
231.842871
1810.364116
314.403352
1086.418294
430.081045
576.427086
1213.509040
1013.310827
434.121363
1966.187970
1658.645746
1439.142002
894.988677
1219.564882
1894.260036
113.591074
348.305237
1134.105297
125.897052
1140.098054
1475.996393
1310.646389
1302.500645
1950.761076
799.364517
643.132619
1024.345531
1916.894144
274.376456
1931.270473
12.326608
1292.499414
1960.379595
1431.453083
1247.833817
925.963042
698.726652
709.224156
460.534228
1635.325135
1500.207037
217.927190
790.258138
495.345638
1054.546561
202.982261
545.809039
1871.062291
505.499064
186.905034
1184.820710
329.195042
1942.511927
114.559334
919.037338
1520.942719
1201.687499
1525.060384
1894.322243
847.282002
81.413985
478.308560
1009.125684
1961.681776
1959.005920
1751.388556
698.304013
120.738253
754.331489
398.911916
1821.242798
962.339756
1452.843569
1623.359054
1132.948223
1924.240295
121.929829
1872.807910
635.022334
448.828555
1794.584459
603.277488
1709.568573
1400.595557
687.715716
1476.981537
913.613563
569.651782
1633.388130
1191.950161
34.972810
1801.039928
1934.465025
556.197020
382.757104
314.106794
951.515130
1372.532652
1502.946526
906.284027
1607.885410
945.000015
634.633592
179.146898
321.193129
184.459604
463.049860
1168.083725
598.395161
1796.582794
324.530522
879.671275
759.917592
961.543908
1664.059216
1842.535758
393.399062
1731.221563
1921.790424
1131.970253
1210.113911
1415.103657
171.208637
417.449497
1213.695080
229.448908
1371.574614
921.124572
774.838550
254.573429
1238.086980
1288.123782
1405.100387
320.953022
1516.148828
1184.197588
1395.324114
951.602365
1973.024374
1723.997587
1926.311834
441.802321
791.924457
1250.823772
1840.697483
176.864208
589.716987
615.382898
1823.066160
669.574720
1668.221494
563.732257
167.905295
118.617027
794.581143
1345.173999
1647.816484
455.282670
500.845862
1721.289049
1142.237009
1883.314373
1852.627839
1818.900821
1825.639175
855.587588
1461.020283
1740.942686
7.142607
538.029459
1668.073757
788.647469
815.487434
562.610567
396.126616
37.036526
603.441614
201.327853
1737.105687
1514.693390
468.147178
609.502081
831.367012
370.570385
256.283165
544.593668
350.195472
995.491922
966.873529
1740.405788
807.212628
886.646386
2.783519
898.266133
1720.907247
1981.150730
672.773575
768.979546
1432.869905
1825.865644
464.987355
1232.113812
106.471348
482.560774
20.488786
1670.645368
884.671810
1783.923740
1915.148796
231.959482
81.928408
99.517590
1328.165400
593.980753
1356.980752
918.551451
1271.409780
1975.827263
1839.157161
190.516345
700.685845
1943.850626
1282.136005
1802.701194
545.572586
666.352826
343.836955
102.759757
778.730020
1871.930657
544.394474
1672.898918
717.970279
966.634437
749.487777
448.216696
1736.377139
1118.603217
1908.160218
1004.079214
1324.368245
1845.136291
405.443920
1916.603987
1492.192294
1074.238063
585.853485
1883.585175
180.812765
1292.879472
1851.812910
66.283471
575.696332
1842.479491
707.384841
639.916844
1247.381548
850.868923
672.074456
566.510154
1189.906114
854.650487
837.389890
1672.331652
731.462874
965.113434
1265.629552
1104.113890
1827.668315
291.584105
73.639276
32.121235
390.955267
1982.751480
1099.717131
280.265605
941.207777
1474.115189
783.475377
1105.363203
1412.279300
1227.703536
447.487648
319.655019
1431.654393
1096.055270
1773.762116
1665.677454
1252.449591
890.670204
787.885341
606.419292
1297.469542
1434.523657
67.725497
1623.016467
1570.246912
19.519386
1556.502570
580.980650
329.467016
117.526796
358.085059
1125.969853
299.374794
645.631076
702.234639
717.192248
1609.100992
1734.129324
1350.577554
302.567656
549.386684
174.625159
888.249047
1331.715358
1018.693496
967.132452
48.441786
17.666191
1577.941670
1379.929055
1491.290851
969.340133
956.678170
1547.551732
825.505656
1460.282919
1373.075233
20.514837
1272.616656
398.022526
1335.507882
1845.921348
1912.157651
786.268551
1594.618791
1279.968767
217.368894
455.732184
582.459801
1835.586804
457.167755
316.146057
25.832523
308.298764
1306.050144
378.544450
119.967895
324.574382
1317.932347
114.124720
1210.719865
275.998316
1108.577880
1145.702907
1672.849076
1753.116215
1897.775028
758.449029
1918.993165
761.198213
51.086070
875.579470
1160.486869
1481.255123
1219.935976
1610.134978
983.577544
1165.484558
477.942142
1389.961991
1354.412387
717.166206
1391.296451
1880.527683
605.882102
487.093251
1096.654900
957.364501
93.146965
45.595680
1401.266645
48.564472
829.568581
619.511466
1057.149275
191.323674
976.521838
779.515017
970.968572
919.724146
40.093448
367.509578
282.650696
1777.851535
1374.016486
1426.464991
1460.680235
1455.741491
1787.137340
1752.392369
1036.517954
461.615820
1964.747655
242.316634
1092.895462
175.871485
808.230267
578.468317
1994.691491
1177.588050
347.089684
1517.264758
1313.280317
1819.138174
220.345070
1115.892638
218.216574
1139.364456
523.092462
390.217255
1378.126287
746.013079
542.614325
489.611190
1497.410329
1889.171882
382.426995
705.122082
392.579352
1959.355654
638.983421
1334.448823
1617.813058
1052.832379
1551.207544
1189.554822
476.071522
1853.240177
31.250009
1875.877998
757.578005
1100.695526
718.054962
902.571203
215.425472
261.206125
817.501398
37.878493
234.831076
1875.544486
1347.308204
953.462028
588.962583
1883.045354
1923.667552
1790.644088
1409.885798
1691.127492
1609.174426
1785.262122
1114.568521
612.187644
368.823166
447.988382
340.180382
215.018165
1863.743268
286.716032
1877.533904
1104.928011
1144.735940
733.673022
178.917981
1085.134616
797.672113
1956.470458
1447.174792
916.297180
447.531165
1421.146481
961.717929
1474.186924
1323.936643
514.168066
1614.237452
1223.632140
227.773851
323.119871
1336.805850
1579.933867
469.733121
1943.767019
683.387065
1529.831249
1786.414886
68.563832
1865.898909
1547.674076
582.823446
80.203404
1595.284448
1367.267652
1597.215077
797.501343
1082.733381
837.281181
1585.101095
755.361740
1840.470616
649.930356
1372.612198
373.226824
502.094830
602.515832
1236.689235
1968.842513
1153.845892
1608.159553
791.758924
1373.793982
102.080476
269.763772
1971.281665
153.253750
1702.576957
1358.888251
1269.580115
1136.183029
1293.287134
252.464632
1303.656803
488.365806
1902.852786
482.629783
429.152785
820.843998
1191.572881
323.305578
1307.103923
1784.714124
1694.853066
1217.600812
791.086066
576.059986
630.562200
1958.228560
615.275388
485.687426
475.412771
1165.727156
141.737628
1241.846966
1197.188775
966.067646
1495.388031
1566.306538
468.247372
793.440628
394.002745
1135.652771
848.573160
887.590439
995.266707
827.382582
471.085002
1385.756624
1984.627525
1339.757566
103.932229
399.746180
407.273872
1430.427839
1376.558669
1401.012225
279.753673
1838.868660
657.553690
128.130517
609.635396
1068.158856
866.400133
368.933002
1773.249835
376.247754
622.137267
153.260727
289.832020
1610.276479
604.680309
1878.056202
727.458934
1356.161332
1491.108276
535.428525
1745.813526
1299.841655
1378.196652
605.971843
257.510156
112.646128
263.598652
733.394428
538.207171
1924.313436
1911.654490
1410.556037
168.822695
1573.273682
1889.149204
579.276342
1083.909396
1617.183448
536.182364
1601.689672
561.578465
109.880003
1651.666657
813.704730
119.755000
176.612036
1019.721887
215.702950
316.195149
1903.146434
637.176100
1660.823785
452.822458
779.736654
1777.568299
4.423123
188.077545
538.640579
1920.531706
1304.894258
644.158269
1653.175643
1830.236128
535.420124
584.400120
960.797060
1797.316090
1420.881929
1664.560358
1849.136338
1409.395186
505.937649
1327.393393
962.836343
383.366373
1993.873413
753.295092
1604.525907
1705.615713
1100.182322
1132.198820
856.219397
153.737506
1550.907246
1906.091016
319.525723
289.065871
1615.822336
172.612848
684.584039
1326.636690
497.872240
737.562899
238.382045
109.872981
1566.728444
1176.146109
153.337870
803.601087
1900.493591
1165.630657
1468.285544
690.654800
656.572258
1552.404277
688.228781
353.797641
786.771925
1357.332894
1066.657720
278.853845
1713.258059
105.635606
1481.709064
1447.015511
1548.790533
835.969800
1363.919876
582.537530
1493.678012
1544.783025
809.375858
97.635328
1559.673437
61.939651
542.253252
1439.002856
419.005566
458.282122
626.052371
1523.948434
1345.855876
1627.450175
1391.211576
29.405470
1269.741480
1606.888482
165.317277
1909.162008
1402.776447
361.045509
96.056824
1710.286617
1329.066626
252.292793
1907.911568
705.021592
762.093993
1609.981651
317.958015
1097.744115
777.337112
1840.961503
1239.284160
1240.472404
28.584105
729.427048
207.229479
1877.002737
1048.962223
850.978174
1710.926883
753.247704
938.867196
996.476828
955.175401
942.054060
702.413525
473.471546
1707.480519
826.595629
1713.210993
91.719247
562.463138
1460.286134
624.502611
1878.327191
1297.675332
1450.334424
440.517589
1297.541172
1711.522832
1328.150795
1122.957375
106.423732
1927.946207
771.375549
1898.964957
1025.908097
674.260519
1825.114605
637.571167
287.054865
1361.299907
999.993592
216.057350
814.131159
1764.378778
794.899294
1805.382421
1684.387630
1578.522572
578.789077
1092.305714
559.558060
765.791845
548.623599
174.622382
1174.603275
355.351932
1347.065796
1938.962980
396.724484
1208.336941
1278.082275
1887.651882
1144.519595
993.540601
980.655128
942.881751
866.018482
571.126178
70.817224
1639.695812
355.701842
23.024875
1632.507759
154.067402
1758.720842
895.110367
446.487309
740.758712
109.185551
230.008686
110.480470
1355.421002
1885.862043
171.183111
309.645949
1146.310501
9.632762
923.694240
456.515353
408.243192
522.978837
1505.383650
1857.511390
1592.000794
1631.075521
694.183076
882.683709
1757.413217
1158.895177
750.294047
24.265709
1882.484286
1563.234413
1117.636732
1212.787827
1785.494754
1307.593168
1090.984008
1617.128943
570.763785
569.544045
333.471591
7.480980
1883.001859
219.186419
1069.566671
1421.912494
1980.157813
1820.406660
1977.883879
1226.136280
999.459690
555.815642
1422.138263
1810.284624
1328.893703
1945.639502
1263.056966
282.476281
295.036931
1552.501576
1916.049515
368.732342
1975.345454
898.801961
226.180527
1533.884721
1551.823863
766.809377
1105.977308
1608.036601
594.775257
125.651487
1596.927380
1478.281368
1239.672983
1347.755688
118.204285
7.880644
694.030508
231.184951
648.684736
813.283778
1183.665720
847.888003
1106.885715
1674.180960
753.703045
1459.928470
995.362037
165.277485
1554.110092
547.425302
1187.406193
1478.305579
1835.919930
1614.115141
1390.884548
1268.604279
434.311699
141.250389
1584.906010
1325.949194
369.078331
1625.077862
257.987309
1638.501046
1412.290036
1436.688435
1548.871882
1221.967643
1939.676940
1107.968200
763.098258
1432.483531
616.850250
1150.867659
1199.001257
893.208311
1384.638664
1549.950165
981.942186
686.678475
633.290202
1778.307189
325.598270
1852.151353
1127.868495
1576.810050
1904.419843
375.079023
424.466291
1814.076277
1377.313879
126.292356
1835.122571
6.730219
1299.682461
1005.412728
273.361447
960.189382
1290.779016
879.392929
1318.267207
479.154036
1457.994594
194.722489
946.462863
1103.980824
36.796477
1799.586446
1563.730700
300.972143
78.768765
1884.886653
1734.299791
591.315667
67.102064
397.229639
289.491718
5.247385
1612.970938
1943.532811
1836.013738
202.154950
1780.069030
1855.985584
1855.884815
1361.171308
878.764386
416.242069
617.916149
750.065530
855.093204
1758.767930
882.174792
716.404070
1657.068996
1967.943937
1961.630215
295.902120
1060.837933
1915.136013
1793.082568
1865.601058
517.479845
397.309533
1936.740658
1719.186571
1394.444857
289.752890
761.807299
940.979008
308.544751
287.374797
525.877183
1902.376339
1165.877789
1154.593150
204.827740
440.257173
552.394257
1431.998422
163.070621
756.696203
1521.104223
331.668735
574.106999
349.324614
323.285764
1342.868844
1751.976115
1947.626983
1107.980794
272.816166
1097.467116
1261.136001
315.037546
1236.875141
903.499339
1542.234457
1905.739127
178.541550
517.283025
360.608204
887.745248
128.607037
1719.619397
818.602295
1158.131644
49.396036
1266.672341
1863.647554
722.509675
1304.161475
1131.725426
49.181256
1116.972745
891.277459
1966.612055
195.296633
1111.187772
959.278058
132.465270
1401.498816
1627.124998
993.919922
42.913158
1322.192224
1161.511309
1350.142847
1688.905613
226.413759
275.729813
1945.861767
891.297454
1961.357574
347.936517
1911.953037
1991.092797
1140.182003
1232.796128
1394.217983
902.008275
1090.750577
1987.747958
1446.360477
1903.227773
612.829384
1455.081406
641.548654
1082.590872
1543.819186
509.197475
1699.270366
75.844064
239.973445
171.239013
1730.447889
1737.598970
277.318461
1043.127180
1710.597001
1661.932368
1780.932253
1338.709675
1214.636157
1368.702120
179.538230
1255.711111
1061.849498
1979.501516
818.777774
628.911390
203.797650
1216.723382
1599.169269
610.241326
1221.851064
503.184743
1792.256432
919.546381
1808.931093
1559.714036
1029.576754
1398.932524
1920.832551
1873.473673
1552.169730
1466.562048
1970.447943
1817.650181
1500.354064
602.552437
1497.533214
408.030620
957.894647
321.154871
1474.186837
1215.496807
1813.914955
188.844778
1657.307454
556.757364
558.850776
985.330794
881.223372
247.438706
1188.858321
72.908991
1747.543770
1742.939542
1484.412232
1574.907053
146.529711
1997.292001
1214.235225
306.533123
1602.755020
1250.178892
334.349036
1250.728506
646.886100
1793.607678
757.581246
1723.087814
771.569266
28.992501
412.138973
1621.815899
1520.107161
9.126826
1716.997207
821.590504
1117.745624
1258.727180
92.860754
1438.530582
502.136350
1006.720875
1505.388619
294.153002
1837.631615
266.641604
464.603811
1545.765657
1871.176718
430.973300
881.591960
1060.671867
936.036985
919.311268
447.705690
848.545393
747.079003
1877.728412
715.126219
821.659372
1231.210942
658.049824
205.055001
1779.824313
545.447220
1217.124843
498.019165
1935.768978
1011.377210
1463.070273
1055.485322
1388.772478
39.249062
1039.096078
754.386333
1163.180013
1051.256662
417.497434
1201.665425
1831.246430
1261.531788
1140.395855
151.137743
667.870852
759.085876
715.685041
1560.305407
611.973456
1633.754889
729.948665
923.563551
1929.837020
535.175108
1006.150724
532.943621
720.787868
672.575356
487.577772
904.571117
1838.732829
208.718652
1807.016722
997.671971
994.241489
1651.369775
691.749390
274.966450
0.661752
1351.390231
945.081912
1662.281006
1654.858540
466.566652
470.079168
306.394862
1534.128062
1047.051953
1371.053499
67.437111
426.353150
1840.442242
1962.255274
1005.338815
1020.711200
682.460983
1902.624611
1685.854752
1403.731823
453.624277
667.871894
505.743257
1921.574558
1691.438954
6.345773
1094.788063
1645.686148
26.662223
333.269413
551.560573
521.848229
1438.633246
1799.389166
325.072888
1100.915558
96.105590
104.390273
1034.164270
1822.105624
998.269203
1543.380818
1085.233248
347.262122
1007.522916
1095.064065
1072.616234
168.771298
1465.745666
561.488034
404.460593
388.181243
790.843135
1862.822719
1780.107345
1350.146625
1527.988532
794.406157
706.603900
353.433070
1166.287715
1571.607791
1342.803975
1593.686187
1310.993771
1399.886015
95.785447
1379.527116
935.224275
1287.289834
549.728438
486.971820
1092.997083
963.957937
664.910033
1047.596035
344.397192
1891.899158
1794.392731
904.241296
759.878324
69.042444
774.813597
1915.851039
26.978941
311.483984
1812.466848
1034.739946
1197.068643
94.584523
747.001562
646.658945
1177.891663
1331.186197
1014.190398
694.824255
180.152362
140.709468
414.346550
449.025521
1678.323472
1932.236690
527.218934
1073.796755
1007.452866
1260.113349
1191.221755
1275.334946
99.326197
225.354013
576.717705
227.608097
35.465396
1366.665323
107.828429
82.395506
570.128895
1170.514753
1306.263951
1560.611980
917.526944
1695.663189
262.730767
1355.309227
1404.054404
1840.009359
860.218749
416.413703
986.759320
16.555814
1497.975287
1036.575074
1274.556390
699.743369
656.541433
1037.774162
1305.104919
821.962064
520.802420
259.105874
201.692087
516.884558
101.817292
1146.481806
311.426837
636.650071
650.288681
582.480077
274.274014
345.997833
464.844645
1246.039289
1552.528576
1030.318198
1114.458194
1483.722700
1278.952989
470.820266
721.377094
1595.784497
1734.868258
761.546143
132.234330
1883.501096
1055.726798
1730.577435
544.198399
1266.083745
1301.860895
811.975656
1051.744844
205.004637
680.330463
248.137042
725.447503
1236.444296
876.865995
458.014424
1240.853780
854.283929
1913.898144
1935.709964
107.985203
1338.575944
363.196212
1437.057515
1583.904812
1442.292438
1229.461740
620.587981
1213.067169
1085.159185
1947.558336
1915.860775
1394.924893
1126.339675
272.428829
1172.455425
1659.068164
397.023736
1716.877990
783.465676
1243.934645
1746.430770
1662.466080
817.474651
1910.278261
967.232624
1558.900380
196.881938
1705.898370
962.901265
916.206044
1809.231313
1052.881498
765.753644
406.613416
486.137835
450.901382
334.403519
521.738418
24.779384
1492.325396
937.547170
29.343587
774.136098
1244.092945
1490.770159
1184.320583
1394.893036
198.324422
287.377074
1016.792257
163.199578
338.132869
1045.251987
1359.872658
1164.024928
1204.714528
743.756775
1219.397804
500.458324
1878.925080
1611.003266
531.834762
917.691848
390.351015
1498.740142
682.864780
39.726352
1888.794753
1375.009976
542.629957
1147.590516
950.670117
182.308699
377.943108
1176.495590
549.450682
429.936410
716.609657
201.470785
1969.850206
546.690915
1137.063363
1910.302938
27.483891
914.851311
1109.222396
49.471438
1999.555080
1388.115909
253.601766
300.119006
1752.591152
525.448544
777.969012
1162.124256
119.635205
260.098103
1037.595127
436.799667
1093.425002
619.475203
981.837316
389.224292
999.392908
1162.418169
977.548491
545.822007
927.077466
1509.384118
104.586653
217.116740
83.939624
1083.722391
211.059217
1679.304997
1906.538019
1518.062932
126.443938
1046.733717
954.786768
1691.965125
428.691166
400.192547
226.988758
190.260014
1088.107485
1391.900466
1691.126962
986.074119
360.812047
1114.282831
1456.456138
1672.566904
709.271876
638.163446
1863.761984
915.299850
985.628959
93.725722
718.857085
1227.029159
1497.834938
300.039679
1317.741840
798.336023
400.492579
772.571261
721.050839
915.978430
149.339302
443.861331
1967.407311
1158.594680
568.466748
438.565434
901.553992
1419.683151
362.813867
1528.773228
1506.072816
882.120528
1021.713412
694.658467
1454.814726
465.491000
852.043749
640.289010
1011.719745
977.234356
146.481179
183.102980
1307.854673
939.144325
1107.359037
1992.998482
1269.798648
561.423358
1324.525967
1515.967946
1249.765407
1855.614273
16.195442
366.397297
876.669279
1167.959483
962.645340
672.288822
1989.929219
1329.787736
549.238685
1145.151016
1443.730661
1268.819568
1488.178612
1854.480803
395.857609
1748.042366
718.779217
1347.413733
1843.218877
214.381409
1213.805559
286.415421
182.701992
1953.279905
859.976083
531.968067
1030.420981
207.034972
756.457760
883.355772
152.564935
891.774207
451.107120
1661.533304
1015.878437
413.146030
1847.788596
267.485258
367.546403
377.125855
591.246615
1172.507648
1575.639804
589.819223
1211.051489
10.325628
1874.691468
741.580190
1128.639078
17.295558
1775.383396
633.171353
519.717744
551.324714
1450.805077
160.046196
1274.259728
678.704415
282.119451
77.382805
1980.670204
1494.762736
665.963915
782.085550
781.038730
1236.702227
856.922300
1028.284495
718.216460
1341.430690
266.132873
244.276193
1581.417661
1919.059136
1379.468764
1142.262449
440.710030
1874.368396
1819.831419
422.479676
549.842946
1739.333168
1203.471478
1107.875911
8.848151
1434.557655
1462.675165
1899.194086
1193.291238
255.520169
7.559207
1129.292445
1476.601913
1953.235244
1999.974549
1800.416718
142.394977
1174.656009
743.234142
1911.950048
1781.681969
1636.989106
346.890389
299.301345
438.973268
1615.773594
540.410425
1544.506807
752.537217
928.574316
962.480423
863.839408
237.319251
1977.714613
512.716656
1184.193219
860.079660
89.774349
698.169466
481.390579
1834.627053
1437.892613
1849.696967
993.909473
736.107822
1600.196789
160.956352
